pos	pvalue	pS	pN
1	1	0	0
2	0.998146487090575	11	3
3	0.307517533525135	0	2
4	0.999943776663273	16	3
5	0.998049568695436	9	2
6	0.87377918874977	3	2
7	0.998485931281741	7	1
8	0.554678007290401	0	1
9	0.924320164233804	10	7
10	0.00883834512972131	0	8
11	1.031846277514e-07	0	27
12	0.000452784299966419	0	13
13	6.92022096410699e-06	0	20
14	0.000452784299966419	0	13
15	0.554678007290401	0	1
16	7.72752117933956e-07	1	28
17	0.02891067777342	0	6
18	0.0660437047772773	1	7
19	0.0943822389121405	0	4
20	0.000821142670527333	0	12
21	0.000821142670527333	0	12
22	0.170406613772139	0	3
23	1.88454449782715e-07	0	26
24	0.951514405956319	24	19
25	0.321213948827599	15	23
26	0.349764669258782	5	9
27	0.00117970195303487	5	25
28	0.0012899179245285	6	27
29	0.999697258280609	25	10
30	0.881629478359043	10	8
31	0.0281886012078826	16	36
32	0.379809687292585	6	10
33	0.831103991711015	7	6
34	1	18	0
35	0.99999954357886	20	2
36	0.934267863459513	4	2
37	0.307517533525135	0	2
38	1	7	0
39	0.0147788562340303	1	10
40	0.999978258590442	15	2
41	1	0	0
42	0.934267863459513	4	2
43	0.0181206773643778	2	12
44	0.307517533525135	0	2
45	0.999993623435234	19	3
46	0.982619008046578	4	1
47	0.994479064073666	11	4
48	1.60991332419901e-05	3	29
49	0.801838481055668	1	1
50	0.915259558670933	13	10
51	0.0445217822684473	14	31
52	0.462169624176754	17	23
53	0.999445735738929	21	8
54	0.161679553143712	11	21
55	0.137535792804133	6	14
56	0.0202464062187301	4	16
57	0.786737433765536	15	15
58	0.474965576893313	14	19
59	0.970053556793309	19	13
60	0.48986195902566	7	10
61	0.993505166678032	19	10
62	0.999942159235947	11	1
63	0.325198141604964	2	5
64	0.618398954792293	3	4
65	0.955891724713077	10	6
66	0.472106507618304	10	14
67	1	24	0
68	0.999242286911794	26	12
69	0.999554335851025	11	2
70	0.929200000863899	9	6
71	0.996370101743247	10	3
72	0.168942793244236	1	5
73	0.581739373031124	1	2
74	1	5	0
75	0.999064453680598	10	2
76	1	5	0
77	0.828855189133096	11	10
78	0.00524144311725832	1	12
79	0.95356973573929	6	3
80	0.91188803506794	2	1
81	0.618398954792293	3	4
82	2.46991864827182e-08	1	34
83	0.752801839330283	3	3
84	0.994538076359285	14	6
85	0.00524144311725832	1	12
86	0.601828736150623	2	3
87	0.554678007290401	0	1
88	0.226294855423949	10	18
89	9.22631377993428e-09	0	31
90	0.0977685852948972	3	10
91	0.91188803506794	2	1
92	0.00488321266324651	0	9
93	0.104148098054277	2	8
94	0.0159890150856658	0	7
95	0.999884554003362	39	19
96	0.999999998560898	45	10
97	0.0632821765469194	4	13
