pos	pvalue	pS	pN
1	1	0	0
2	0.941512908785656	23	9
3	0.464733772382156	6	5
4	0.604500783502681	25	16
5	1.3262261097665e-06	5	25
6	0.329462112659189	10	9
7	0.00403495173138353	0	6
8	0.0405159272590889	1	5
9	0.999999999977546	75	7
10	0.210869816750211	7	8
11	0.999986043118746	40	6
12	0.747509462053882	13	7
13	0.528664222824404	25	17
14	0.997075204322937	31	8
15	0.99591266041783	25	6
16	0.611642410356571	33	21
17	0.0182455896510508	17	23
18	0.869361763366339	27	13
19	0.106223908700847	12	14
20	2.5795372985981e-12	2	35
21	0.998373743889826	22	4
22	0.00323344314446451	17	27
23	0.193963209793255	30	26
24	1.03268940331613e-12	0	30
25	0.999202801723673	13	1
26	3.33581611144277e-10	11	46
27	0.17250144727683	15	15
28	0.914993725102339	42	20
29	0.999999999768077	62	5
30	1.29737164178993e-14	4	46
31	0.996404952006217	57	20
32	0.978207501458662	20	6
33	0.668539110224764	28	17
34	0.30499236981316	7	7
35	0.999999991203059	41	2
36	0.760166234260036	15	8
37	0.941419580129252	10	3
38	0.542538837306108	13	9
39	0.813724242494001	18	9
40	4.01034773473885e-08	13	42
41	0.0159466024211803	21	27
42	6.39399076061567e-08	5	29
43	1.49235651775785e-07	16	44
44	8.72238561321343e-26	22	113
45	0.00222193267114553	35	45
46	0.00192322980674954	14	25
47	0.00384438803128822	7	16
48	0.908454625914065	11	4
49	0.0341253197478492	9	14
50	1.78845811846478e-07	17	45
51	7.16991538173515e-16	3	47
52	0.669651318255843	44	27
53	0.118772784427009	10	12
54	0.0540000433385901	9	13
55	0.140448799099861	7	9
56	1.58572400674245e-05	8	26
57	1.35779862518717e-12	1	33
58	6.0267674032678e-06	7	26
59	0.17250144727683	15	15
60	0.551582550073887	27	18
61	0.997874771832734	15	2
62	8.12263750973605e-13	8	49
63	1	10	0
64	0.50255545518418	29	20
65	9.11944552793632e-09	7	35
66	0.688052839313655	17	10
67	0.26127684186589	21	18
68	0.998185917234083	64	22
69	0.000134235920910848	9	24
70	0.997583705397776	21	4
71	0.0159466024211803	21	27
72	0.864533924878996	25	12
73	0.000268297838766879	6	19
74	0.972666763674491	28	10
75	0.688052839313655	17	10
76	0.998455426108829	25	5
77	9.2725253423483e-37	2	98
78	0.999515939774962	25	4
79	0.620978080940918	19	12
80	0.00505261447684386	13	22
81	1.15590074058459e-05	25	47
82	1.45985032913353e-06	15	39
83	1.01853568375799e-05	12	32
84	0.972980574087231	17	5
85	0.996321019011424	17	3
86	0.0051017013978834	14	23
87	1	0	0
88	0.644526711269729	8	5
89	0.999992986269292	35	4
90	0.999999991386997	50	4
91	0.999663940370122	19	2
92	1	9	0
93	7.42620096921664e-08	19	49
94	0.993244550852715	26	7
95	0.246872201666479	14	13
96	1	26	0
97	0.952951388164329	5	1
98	0.831333236816366	7	3
99	0.999995145299928	23	1
100	0.982480898353784	23	7
101	1	30	0
102	0.967984564187895	21	7
103	0.983020946102168	7	1
104	1	17	0
105	0.999999947011898	46	4
106	0.903296422732174	19	8
107	0.99999999970369	42	1
108	0.988784754489683	17	4
109	0.999999999977009	47	1
110	0.00145929153093705	9	20
111	0.668563368885799	10	6
112	1	20	0
113	0.000317832320599842	11	25
114	0.797554443641904	14	7
115	0.159262999485169	0	2
116	0.999939852346854	30	4
117	0.987485037327628	14	3
118	1	19	0
119	0.151357341013143	12	13
120	2.11482965601579e-05	18	38
121	0.952951388164329	5	1
122	1	22	0
123	1	15	0
124	0.999999773001142	29	1
125	0.433715015009367	29	21
126	0.000773927118210785	17	30
127	3.86539132138629e-06	24	48
128	0.859854247524815	39	20
129	0.996652450126251	14	2
130	0.998373743889826	22	4
131	0.997789842206948	11	1
132	1	7	0
133	0.999999999961661	46	1
134	0.999999369800569	27	1
135	0.99999993819093	37	2
136	0.927736515070924	28	12
137	1	35	0
138	0.994744543310736	13	2
139	1	14	0
140	0.75159518338171	20	11
141	1.14140567891189e-08	6	33
142	0.999968933853045	28	3
143	6.64674805482799e-09	32	69
144	0.969407516634279	9	2
145	1	12	0
146	0.99757706309838	18	3
147	0.000349803730558314	12	26
148	1.61253460917373e-22	12	85
149	0.000336684876615264	24	39
150	3.0369975477188e-08	12	41
151	6.12137384743896e-60	5	167
152	1	37	0
153	0.789136196087524	12	6
154	0.925326033708687	18	7
155	0.326077811978705	21	17
156	0.999999999176455	40	1
157	0.999951417994105	27	3
158	1	35	0
159	0.999999985665079	40	2
160	0.399097065462754	0	1
161	0.0072812773320737	8	16
162	1	58	0
163	0.99999983678548	35	2
164	0.952951388164329	5	1
165	0.999281521097525	27	5
166	1	18	0
167	0.999991913011996	22	1
168	0.994744543310736	13	2
169	0.999970026839019	44	8
170	0.999994901672152	32	3
171	0.904661212070412	13	5
172	0.984084764828305	30	10
173	0.999962627861908	19	1
174	1	34	0
175	1	22	0
176	3.37832478018226e-08	4	28
177	0.991634759541509	15	3
178	1	0	0
179	0.999521248753168	14	1
180	0.999323757193105	21	3
181	0.89273833770708	6	2
182	0.999896335821923	17	1
183	0.999868085956512	21	2
184	0.999968933853045	28	3
185	0.989800734804484	8	1
186	1	38	0
187	0.879963600348294	8	3
188	0.996320203648662	10	1
189	1	0	0
190	0.999991913011996	22	1
191	1	8	0
192	0.969407516634279	9	2
193	0.999202801723673	13	1
194	0.00815095968408125	13	21
195	0.999999999999896	64	2
196	0.999999999176455	40	1
197	8.05605258288267e-11	8	43
198	0.964518794662874	27	10
199	5.15974198103441e-08	14	43
200	1	7	0
201	1	8	0
202	1	9	0
203	1	21	0
204	0.998910034579243	23	4
205	0.264483236769998	13	12
206	1	17	0
207	1	20	0
208	0.00384438803128822	7	16
209	0.999998950029409	26	1
210	5.14986333747537e-05	25	44
211	0.959698568773253	11	3
212	0.835572335192659	24	12
213	1	13	0
214	0.998672592895866	12	1
215	8.48533989936164e-06	11	31
216	0.0347240413837997	20	24
217	0.998672592895866	12	1
218	1	0	0
219	0.987485037327628	14	3
220	0.0543477297546582	18	21
221	2.2306750156712e-09	20	56
222	0.19121844181644	38	32
223	0.908454625914065	11	4
224	0.999999999995043	50	1
225	0.999999982337159	34	1
226	0.997749634405066	24	5
227	0.999998707457555	35	3
228	0.999997049894968	29	2
229	1	17	0
230	1	27	0
231	0.106223908700847	12	14
232	1	22	0
233	0.839649241446005	15	7
234	0.0332176002474726	5	10
235	0.999955816574535	34	5
236	0.943220066004786	19	7
237	1	18	0
238	0.00129378436838277	19	31
239	0.997583705397776	21	4
240	0.440207429042618	13	10
241	1.63670305335972e-09	0	22
242	0.987196833939932	11	2
243	0.952951388164329	5	1
244	1	37	0
245	0.00299892843932956	12	22
246	0.647419498877839	13	8
247	0.903296422732174	19	8
248	0.517343256565513	49	33
249	4.26170553017545e-08	16	46
250	0.647419498877839	13	8
251	0.568980613623273	32	21
252	0.999998250727071	25	1
253	0.17250144727683	15	15
254	0.000133302779145749	1	12
255	0.999999999986762	64	4
256	1	8	0
257	0.372246791503913	12	10
258	0.322830978079993	45	34
259	1	25	0
260	0.999999369800569	27	1
261	0.281847942189281	16	14
262	0.999999991634475	54	5
263	0.000707700062122715	35	48
264	0.451561685487318	22	16
265	0.0675787223122039	26	27
266	0.241892259417191	10	10
267	1.78845811846478e-07	17	45
268	0.999999996549761	52	4
269	0.0450788360100714	14	18
270	0.998410789706685	19	3
271	2.94348396137246e-07	5	27
272	0.979954328142916	27	9
273	0.965067028686751	41	17
274	0.996320203648662	10	1
275	0.999999999999458	66	3
276	0.999999369800569	27	1
277	1	47	0
278	1	20	0
279	0.999999918248723	31	1
280	1	16	0
281	0.99999962176633	28	1
282	0.999896335821923	17	1
283	0.999974366575043	32	4
284	0.964061015989275	29	11
285	0.874423057089866	16	7
286	0.0206197075928779	12	18
287	0.87956828153779	20	9
288	0.999991913011996	22	1
289	1	6	0
290	0.942990405161398	31	13
291	1	10	0
292	0.976680004185331	15	4
293	1	13	0
294	0.999987370503417	30	3
295	0.159262999485169	0	2
296	0.161934597135131	16	16
297	1	41	0
298	1	19	0
299	0.999977562236497	20	1
300	1	37	0
301	0.999827360130102	16	1
302	0.999988718576241	63	14
303	0.00815095968408125	13	21
304	0.999789255436465	20	2
305	0.783051247459637	2	1
306	0.747509462053882	13	7
307	1.05160371187443e-10	10	46
308	0.118694160820308	16	17
309	0.00808965514629784	15	23
310	0.0281429443149068	16	21
311	0.196490773325439	13	13
312	4.60587772734969e-05	10	27
313	0.000140590476959598	31	48
314	0.997874771832734	15	2
315	5.27128295026724e-09	9	39
316	0.921686696364594	4	1
317	0.982057173434327	40	15
318	0.999995145299928	23	1
319	0.998672592895866	12	1
320	0.999999989402295	35	1
321	0.38734960374324	8	7
322	0.97250955448805	12	3
323	1	19	0
324	1	8	0
325	0.969407516634279	9	2
326	0.998672592895866	12	1
327	0.999827360130102	16	1
328	0.000247916737329401	9	23
329	3.23743177541102e-12	35	86
330	0.941419580129252	10	3
331	1.00103029400382e-11	19	63
332	1.37954315179223e-05	14	34
333	0.797554443641904	14	7
334	1.37954315179223e-05	14	34
335	0.0102810345466119	32	38
336	1.14140567891189e-08	6	33
337	0.999977562236497	20	1
338	0.0285094821049914	37	39
339	2.38921648356477e-12	21	68
340	1	33	0
341	1	37	0
342	0.000156324176514361	10	25
343	0.99999962176633	28	1
344	1.00001129123501e-06	6	27
345	1	17	0
346	1.17599206445438e-13	16	65
347	0.00115860943187355	14	26
348	1	32	0
349	0.999987370503417	30	3
350	1	13	0
351	1	20	0
352	0.399097065462754	0	1
353	0.99999962176633	28	1
354	1	6	0
355	1	15	0
356	0.0246677117922956	2	7
357	0.954154587537516	30	12
358	3.56351969361864e-07	7	30
359	0.999997072990223	37	4
360	0.759973442648988	37	21
361	0.399097065462754	0	1
362	0.00160939877433467	0	7
363	0.999999303472793	32	2
364	0.999948573294433	23	2
365	0.999999999892695	55	3
366	0.998455426108829	25	5
367	0.308635078130489	46	35
368	0.526579311152023	28	19
369	0.675961894127996	41	25
370	3.43181182766664e-05	12	30
371	0.99999993819093	37	2
372	0.0179365841456873	27	32
373	1	35	0
374	0.908454625914065	11	4
375	1	6	0
376	0.999999997973484	44	2
377	0.789136196087524	12	6
378	0.771833774767219	17	9
379	0.99999962176633	28	1
380	0.000236636753051184	14	29
381	6.22475956967159e-05	18	36
382	1	32	0
383	0.159262999485169	0	2
384	0.172006031043629	10	11
385	0.992755562888837	52	19
386	0.0608869598192171	52	48
387	0.588288149739139	34	22
388	0.999202801723673	13	1
389	0.829856276064157	9	4
390	0.939019525067248	42	19
391	0.747509462053882	13	7
392	1.49013608670894e-23	4	70
393	0.196490773325439	13	13
394	0.892673917684316	28	13
395	1	17	0
396	0.0599826488826746	16	19
397	0.0246677117922956	2	7
398	0.00185643976977377	6	16
399	3.42150706807898e-08	15	45
400	3.3874485824161e-08	18	49
401	1.79823383801182e-07	21	50
402	5.35958773593475e-05	16	34
403	0.986833422783919	35	12
404	0.999998982661711	43	5
405	1	10	0
406	1	19	0
407	0.987196833939932	11	2
408	0.99999962176633	28	1
409	0.0937031611751399	6	9
410	0.99999962176633	28	1
411	1	14	0
412	0.156531539274975	5	7
413	0.999827360130102	16	1
414	7.64926137270839e-06	27	50
415	0.505990818006516	17	12
416	0.000830592604925629	22	35
417	1	8	0
418	0.980695584584023	18	5
419	0.997874771832734	15	2
420	0.999999999506001	41	1
421	0.999521248753168	14	1
422	1	8	0
423	0.987196833939932	11	2
424	0.999999999936072	45	1
425	0.999998707457555	35	3
426	0.999999570248589	33	2
427	0.941512908785656	23	9
428	0.997583705397776	21	4
429	1	5	0
430	0.848509751482679	28	14
431	0.00319759709820949	15	25
432	0.0316962507436806	22	26
433	0.00761459564147892	9	17
434	2.70585601329474e-09	21	57
435	2.2339957346087e-14	3	43
436	0.999999974809987	62	8
437	0.826926219003042	29	15
438	0.399097065462754	0	1
439	0.999937755976501	18	1
440	0.998672592895866	12	1
441	0.148380933776839	6	8
442	0.999663940370122	19	2
443	0.0762723832276148	11	14
444	0.0129824423551573	10	17
445	0.9996818543686	32	6
446	0.976680004185331	15	4
447	0.921686696364594	4	1
448	0.996652450126251	14	2
449	0.999999999999994	63	1
450	0.999323757193105	21	3
451	0.839649241446005	15	7
452	0.996652450126251	14	2
453	0.765363237365921	4	2
454	1	14	0
455	0.000641869520206644	0	8
456	0.638931131440339	1	1
457	0.210869816750211	7	8
458	0.0101151143193344	0	5
459	0.0635490495268822	0	3
460	1	3	0
461	0.999999999998759	59	2
462	0.999793206918563	44	10
463	0.00727294766687543	40	46
464	0.000112090649333126	8	23
465	1.37954315179223e-05	14	34
466	3.5149708428445e-06	17	40
467	1.63151985754206e-07	0	17
468	1.89214665361401e-16	4	51
469	1.07561580685853e-09	2	28
