pos	pvalue	pS	pN
1	0.999066038562471	19	1
2	0.0430207594486334	4	6
3	0.948022571777404	12	2
4	0.999999999992453	89	3
5	0.93381452229817	15	3
6	0.999902365053209	38	3
7	0.999999999998096	76	1
8	0.999896583274601	43	4
9	1	10	0
10	0.91274883859651	6	1
11	1	9	0
12	0.824799702587179	4	1
13	0.991255130482781	18	2
14	0.294076459879568	0	1
15	0.999862043298922	42	4
16	1	26	0
17	0.0254063683511562	0	3
18	1.30287637612498e-25	32	93
19	0.535369366868318	16	7
20	1	14	0
21	0.0254063683511562	0	3
22	0.999978906020643	43	3
23	0.999837325337147	24	1
24	0.260716932767614	7	5
25	0.999999863590145	59	3
26	0.993557489148596	19	2
27	3.81902973409723e-05	18	26
28	0.993452772389841	28	4
29	0.0005016499356552	19	23
30	0.999999893606191	53	2
31	1	24	0
32	5.61339583194047e-11	24	48
33	0.99999432721111	41	2
34	1	11	0
35	0.952140234889482	20	4
36	0.999535696557091	21	1
37	0.863051839718228	12	3
38	0.751856963062031	29	10
39	0.0695018206458462	15	12
40	1	13	0
41	0.999996538611061	35	1
42	1	5	0
43	0.010361126424749	19	18
44	0.710880158650037	17	6
45	0.0856228551169566	35	22
46	2.73531586808147e-08	26	42
47	0.732963014005634	6	2
48	0.996223608123423	15	1
49	0.052143963598935	14	12
50	0.990100318552795	62	14
51	0.99853625326756	38	5
52	0.999429695992357	37	4
53	0.994034332073588	24	3
54	0.99346745524642	87	21
55	0.998872593651281	39	5
56	0.957607198003351	47	12
57	0.00760089071308809	28	24
58	0.0282515762333426	9	10
59	0.999206093502466	31	3
60	0.999997887731032	44	2
61	0.544942424618407	26	11
62	0.998121747515011	17	1
63	0.665094734706981	16	6
64	0.999535696557091	21	1
65	0.999970892575094	36	2
66	0.970977534296726	14	2
67	0.996223608123423	15	1
68	0.99098653529524	42	8
69	0.978414939063356	15	2
70	0.976506130327373	19	3
71	0.0145675854222317	12	13
72	0.960247084979482	17	3
73	0.833882461031952	46	15
74	1	13	0
75	0.999801192331735	50	6
76	0.822109379791172	14	4
77	0.000966443910155432	22	24
78	0.998935129533257	30	3
79	0.00766328714566718	23	21
80	0.408341026211064	46	21
81	0.877230812530915	19	5
82	0.0560839067020632	16	13
83	0.991255130482781	18	2
84	0.0901960144624396	16	12
85	0.998574067090709	29	3
86	0.989238552678905	12	1
87	0.963999181306652	48	12
88	0.827603719642636	11	3
89	5.6802477029078e-11	3	25
90	0.997336649939677	16	1
91	0.935842436119851	32	8
92	0.0864518892559125	0	2
93	0.93381452229817	15	3
94	0.992409012748251	13	1
95	0.968742894691478	52	13
96	0.999999838064822	95	10
97	0.0453138117088429	17	14
98	0.000670966139257794	14	19
99	0.00727013418405397	9	12
100	0.698787561120753	14	5
101	0.332291759183905	30	15
102	0.999960012908273	56	6
103	0.999985951367077	31	1
104	0.999984518935146	44	3
105	0.560901963176133	9	4
106	0.99853625326756	38	5
107	0.67200756702697	8	3
108	0.62669815162773	10	4
109	0.0664122787031245	24	17
110	0.995928886338243	34	5
111	0.854995198103284	15	4
112	0.999409044829128	32	3
113	0.4099763358033	16	8
114	0.464137160418252	10	5
115	0.0254063683511562	0	3
116	8.03846271538655e-07	8	22
117	0.89191719667652	13	3
118	0.999998734807731	52	3
119	0.90831720905857	10	2
120	0.327895588333632	8	5
121	1.88589272244857e-15	9	43
122	0.956558378317268	8	1
123	0.368183498972519	47	22
124	0.801483279883151	39	13
125	0.851177090696394	18	5
126	0.996968621837576	47	8
127	0.99982770310144	46	5
128	1	7	0
129	0.956558378317268	8	1
130	0.978375841898366	10	1
131	1	21	0
132	0.978414939063356	15	2
133	2.56961235388156e-10	0	18
134	0.998689661114052	34	4
135	0.938432527823778	7	1
136	1	21	0
137	0.822109379791172	14	4
138	0.127930519229876	10	8
139	0.00594040193484226	10	13
140	0.244729503612074	3	3
141	0.999995086570155	34	1
142	0.93381452229817	15	3
143	0.0419324524198624	10	10
144	1	6	0
145	0.462036793666891	17	8
146	0.793425723875855	7	2
147	4.18781320772603e-08	44	55
148	0.996223608123423	15	1
149	2.41551919751003e-07	2	16
150	0.000450363619255807	42	38
151	0.784552526496585	10	3
152	1	26	0
153	0.35774795490398	15	8
154	0.33949332066403	4	3
155	0.0693003065587689	28	19
156	0.962206547197701	21	4
157	1	10	0
158	3.17381138256677e-06	35	42
159	0.989573584359259	34	6
160	5.03312375386631e-29	14	79
161	0.870791770059034	62	20
162	0.989238552678905	12	1
163	0.999675253288386	39	4
164	0.0989078593366594	24	16
165	1	13	0
166	0.960247084979482	17	3
167	0.997137606329692	51	9
168	0.0748489938327663	10	9
169	0.64206118490125	31	12
170	1	67	0
171	0.993272376759731	54	11
172	0.000947556847408654	25	26
173	0.0812327481571965	12	10
174	0.999995690643237	78	9
175	0.791341638824403	44	15
176	7.07033263712007e-11	11	35
177	0.873786011242558	31	9
178	0.999996745365789	49	3
179	0.537258398422533	38	16
180	0.0419095622237215	15	13
181	0.995016786736557	59	12
182	0.00712613504473668	5	9
183	0.841436862640931	8	2
184	0.000219368017247775	12	19
185	0.0254063683511562	0	3
186	0.0999091677432633	26	17
187	0.622887128669981	33	13
188	0.294076459879568	0	1
189	1	10	0
190	1	12	0
191	0.0657855219617588	2	4
192	1.6250903974671e-05	0	9
193	4.822133363003e-35	0	64
194	0.501701030503225	1	1
195	0.939655331163054	19	4
196	0.00623806254994477	13	15
197	0.997456916652752	27	3
198	0.118029971532388	21	14
199	0.119977171165923	8	7
200	1.55820163762897e-16	8	44
201	6.76023523148739e-33	10	81
202	0.629061137881926	23	9
203	0.415378813554782	23	11
204	0.999959853018179	28	1
205	0.0445616189793985	7	8
206	0.0453138117088429	17	14
207	1.0269023912418e-08	0	15
208	0.208542931065425	1	2
209	0.443012043167645	33	15
210	0.244729503612074	3	3
211	0.562403083921729	19	8
212	0.998903321452163	91	19
213	0.501701030503225	1	1
214	0.0915794344460903	4	5
215	0.587001791424502	17	7
216	0.635023093198457	51	20
217	0.33949332066403	4	3
218	4.8950850739812e-06	9	21
219	0.0196925974178692	16	15
220	0.0792338422338315	1	3
221	0.984744808520166	11	1
