pos	pvalue	pS	pN
1	1	0	0
2	1	4	0
3	0.699939162276468	2	3
4	0.996590489907399	5	1
5	0.997009754122125	7	2
6	0.848109048626854	1	1
7	0.999588798818244	11	3
8	0.609826589595376	0	1
9	0.832603973281071	2	2
10	0.000543424723356842	0	15
11	0.137532521605845	0	4
12	0.00411989109467421	0	11
13	2.36958681681689e-07	0	30
14	0.00090304402557828	0	14
15	1	0	0
16	0.617254917594663	3	5
17	0.371544130563897	0	2
18	0.335117497896888	2	6
19	0.371544130563897	0	2
20	0.00411989109467421	0	11
21	1.90751979502686e-06	0	26
22	0.371544130563897	0	2
23	0.0186337089308688	0	8
24	0.335117497896888	2	6
25	0.318372748458227	3	8
26	0.916658577917399	7	6
27	0.184947243775824	3	10
28	0.244728801068589	3	9
29	0.991161005910879	4	1
30	0.914032257301422	4	3
31	0.99716045399088	10	4
32	0.991161005910879	4	1
33	0.941004673959416	2	1
34	0.991161005910879	4	1
35	0.984006117379021	5	2
36	1	3	0
37	0.371544130563897	0	2
38	0.991161005910879	4	1
39	0.0220876980714472	1	11
40	0.984006117379021	5	2
41	0.609826589595376	0	1
42	0.170493471757934	1	6
43	0.064734816395729	2	11
44	0.66231779796173	1	2
45	0.921047180617472	3	2
46	0.617254917594663	3	5
47	0.699939162276468	2	3
48	0.249115082681996	2	7
49	0.848109048626854	1	1
50	0.999995233104019	18	4
51	0.658413546307189	4	6
52	0.507122328326672	3	6
53	0.941004673959416	2	1
54	0.052664948385012	3	14
55	0.353426596219671	1	4
56	0.609826589595376	0	1
57	0.609826589595376	0	1
58	0.921047180617472	3	2
59	0.991161005910879	4	1
60	1	0	0
61	0.335117497896888	2	6
62	0.998687885328795	6	1
63	0.699939162276468	2	3
64	0.912610497904276	5	4
65	0.999966993213138	14	3
66	0.699939162276468	2	3
67	0.991161005910879	4	1
68	0.999780264468094	10	2
69	1	5	0
70	0.318372748458227	3	8
71	0.984006117379021	5	2
72	0.371544130563897	0	2
73	0.941004673959416	2	1
74	0.699939162276468	2	3
75	0.921047180617472	3	2
76	0.993029510527714	6	2
77	0.842526122915555	4	4
78	0.137532521605845	0	4
79	0.99873399215067	8	2
80	0.247757917050968	1	5
81	0.49203162264239	1	3
82	0.00149918555835612	0	13
83	0.996590489907399	5	1
84	1	3	0
85	0.0774770002915071	1	8
86	1	2	0
87	0.609826589595376	0	1
88	0.795249406337417	6	7
89	0.617254917594663	3	5
90	0.848109048626854	1	1
91	0.848109048626854	1	1
92	0.0507192201326724	0	6
93	0.137532521605845	0	4
94	0.170493471757934	1	6
95	0.0774770002915071	1	8
96	1	5	0
97	0.440919030283553	2	5
