pos	pvalue	pS	pN
1	0.998162591809983	16	1
2	0.999978749275242	28	1
3	0.73515345863424	24	9
4	0.996228145836303	24	3
5	1	20	0
6	0.864749297911622	8	2
7	0.999892627652777	30	2
8	0.999999999996756	70	1
9	1	24	0
10	0.89148245995736	5	1
11	0.842843911032149	4	1
12	0.90636384287621	19	5
13	0.999999999708559	58	1
14	0.029537502173717	0	3
15	1	0	0
16	0.999999999999964	82	1
17	0.029537502173717	0	3
18	0.158707536380307	19	13
19	0.0214290121353223	9	11
20	1	10	0
21	1	0	0
22	0.999982327739949	46	4
23	1	4	0
24	0.515370899492702	19	9
25	0.984322425885792	40	9
26	0.99614030685208	14	1
27	0.211059146453097	4	4
28	0.230893437531924	6	5
29	0.194233208162597	22	14
30	0.948779324905683	28	7
31	1	53	0
32	0.762694799014032	6	2
33	0.999848785372703	29	2
34	0.0889448837895615	5	6
35	0.864749297911622	8	2
36	1	43	0
37	0.99999843190458	35	1
38	0.81770123951627	37	13
39	0.993395503321953	30	5
40	0.842843911032149	4	1
41	0.994406580994707	13	1
42	1	31	0
43	9.28536598908088e-05	13	22
44	0.8262587154944	16	5
45	0.00471786820206294	14	17
46	0.977988721020548	18	3
47	8.91442915580544e-38	27	120
48	0.999125564489953	18	1
49	0.984296713455015	23	4
50	0.970134418991489	13	2
51	0.446055487713557	9	5
52	0.309296518506064	15	9
53	0.970810235741847	17	3
54	0.77878344424931	12	4
55	0.596295684050451	30	13
56	0.108423307575879	12	10
57	0.00561295820763728	13	16
58	0.997949649910969	26	3
59	0.0955897435211046	0	2
60	0.999955279476716	26	1
61	0.0256465476418546	17	16
62	0.999787250294489	28	2
63	0.641636386252791	7	3
64	0.300958614073254	7	5
65	0.672708330133204	10	4
66	0.166039570685553	23	15
67	0.611679071576249	21	9
68	0.959240196909055	12	2
69	0.993057078244508	26	4
70	0.641636386252791	7	3
71	0.993931764788762	34	6
72	0.948462248259806	34	9
73	0.999999255872581	37	1
74	0.144779880649713	26	17
75	0.0102173217199854	5	9
76	0.697956292900571	13	5
77	0.00203657482286228	5	11
78	0.754793042953439	22	8
79	1	6	0
80	1	26	0
81	0.970810235741847	17	3
82	0.0114986180203058	4	8
83	1	94	0
84	0.000714384534880973	8	15
85	0.842843911032149	4	1
86	0.272903208286459	3	3
87	0.9998021302349	22	1
88	0.984296713455015	23	4
89	0.999980869657338	35	2
90	1	15	0
91	0.611679071576249	21	9
92	0.0955897435211046	0	2
93	0.9829840862352	10	1
94	0.975348158856375	9	1
95	0.9642882727619	8	1
96	0.999821785174669	43	5
97	0.643017612961757	12	5
98	0.999999452133384	62	5
99	0.999993042908984	31	1
100	0.000837375011589669	6	13
101	0.966281637346644	30	7
102	0.999989904932227	30	1
103	0.535836194524304	8	4
104	1	7	0
105	0.820126715579856	7	2
106	0.364111793464135	14	8
107	0.0085822369123226	23	22
108	0.898988885068126	9	2
109	0.349529777588601	22	12
110	0.870665050187443	26	8
111	0.999436792063182	39	5
112	0.21331198029709	13	9
113	0.436219098744556	11	6
114	0.000842153469781339	3	10
115	0.308303205991988	11	7
116	0.978160898494602	32	7
117	0.00117783492362801	22	25
118	1	38	0
119	0.944587232402509	11	2
120	0.697956292900571	13	5
121	0.196503705562668	24	15
122	4.86146323631112e-05	12	22
123	0.000366802827785489	18	24
124	5.25701199431527e-18	22	67
125	0.999912984896879	36	3
126	0.99993839024587	42	4
127	0.161139253205397	10	8
128	2.42538752073757e-12	10	39
129	0.490735180366218	3	2
130	0.999411323007173	25	2
131	0.456968238801879	31	15
132	1	6	0
133	6.79486143430205e-07	6	21
134	0.719418407216926	16	6
135	0.957338727117704	35	9
136	0.999999982174519	47	1
137	1	19	0
138	0.772422164898963	3	1
139	0.913730286247988	13	3
140	0.856669445363232	11	3
141	0.860454516903298	31	10
142	0.925073381595162	6	1
143	0.535836194524304	8	4
144	0.999436792063182	39	5
145	0.0933717190720651	31	21
146	0.00720530541588195	15	17
147	4.49531471630903e-07	55	62
148	0.913730286247988	13	3
149	7.45967590489667e-07	0	12
150	0.00416490255232894	6	11
151	1.08648310070814e-05	6	18
152	0.663250169680744	27	11
153	0.535836194524304	8	4
154	0.166371367649032	5	5
155	0.515528531753409	28	13
156	0.259914101208776	14	9
157	1	5	0
158	0.0157524487647013	25	22
159	0.999175532105627	24	2
160	0.999972944811009	34	2
161	0.516156651360671	10	5
162	0.999863554104321	23	1
163	0.598158447255279	16	7
164	1.59770198504342e-06	16	30
165	0.994406580994707	13	1
166	0.412497326956527	17	9
167	0.436219098744556	11	6
168	1	31	0
169	0.000154747326457532	6	15
170	0.251072779908313	10	7
171	0.0178310997908016	10	12
172	6.73414122140658e-23	10	63
173	0.110353344053222	4	5
174	7.64859197399793e-10	6	28
175	0.999994068210769	59	6
176	0.0718735974931318	19	15
177	0.840238034662818	38	13
178	0.999996696563908	33	1
179	0.373579288102624	8	5
180	0.535836194524304	8	4
181	0.0310370714782179	7	9
182	0.00294880670200576	29	28
183	3.14914860307531e-11	15	42
184	0.77878344424931	12	4
185	0.906246001777574	22	6
186	0.535836194524304	8	4
187	1	7	0
188	0.561683091033646	6	3
189	0.629182326625927	19	8
190	1	13	0
191	0.89148245995736	5	1
192	0.251072779908313	10	7
193	1.28194697796769e-10	11	36
194	0.898988885068126	9	2
195	0.959240196909055	12	2
196	0.994406580994707	13	1
197	0.999787250294489	28	2
198	0.0256465476418546	17	16
199	0.230004545814513	27	16
200	1.99883362112772e-09	11	33
201	0.000269281550321278	2	10
202	0.166371367649032	5	5
203	0.710671155707355	8	3
204	0.689936930130548	5	2
205	0.175421556533301	2	3
206	0.000882850700635955	4	11
207	0.815067010589397	42	15
208	0.993395503321953	30	5
209	0.0955897435211046	0	2
210	0.0955897435211046	0	2
211	0.999834260000239	34	3
212	0.999962729437254	57	7
213	6.03271854520835e-08	2	18
214	0.399614329034443	21	11
215	0.00794089536918981	11	14
216	0.999568912438973	31	3
217	0.13121413990313	33	21
218	0.746742187692279	14	5
219	1.08761825994008e-05	11	23
220	5.16846482330162e-07	2	16
221	0.990856551605908	25	4
222	0.607950375156162	9	4
