pos	pvalue	pS	pN
1	1	0	0
2	0.797301140268704	31	4
3	2.61370361710486e-07	0	8
4	0.50148685947794	20	4
5	0.35655156407439	11	3
6	0.166712188157932	3	2
7	0.899455375432911	13	1
8	0.151089588377725	0	1
9	0.0227970001354618	0	2
10	0.771396978665278	8	1
11	0.0481204220782057	3	3
12	1	10	0
13	0.226008071197795	4	2
14	0.394268398259669	17	4
15	4.14904691350692e-07	29	23
16	0.697797951762252	20	3
17	1	23	0
18	0.388312777828593	2	1
19	1	0	0
20	1	0	0
21	0.151089588377725	0	1
22	0.559321365588807	4	1
23	0.866870296794756	20	2
24	0.286431208658203	5	2
25	1	17	0
26	0.110852521006476	2	2
27	1	5	0
28	0.625984024467009	5	1
29	1	10	0
30	0.00600561848038123	2	4
31	0.997363326577306	48	2
32	1	0	0
33	0.419562247985823	23	5
34	1	32	0
35	0.606358567352103	11	2
36	0.00271964776167099	5	6
37	0.525898444789164	15	3
38	1	8	0
39	0.286431208658203	5	2
40	0.346290123273055	6	2
41	0.000146210158307168	9	10
42	0.835392661989154	10	1
43	0.0615209742027725	1	2
44	1	9	0
45	1	0	0
46	0.980613578073329	23	1
47	1	2	0
48	1	2	0
49	0.226008071197795	4	2
50	0.682576160435143	6	1
51	1	11	0
52	1	3	0
53	1	6	0
54	1	2	0
55	1	27	0
56	0.914698292276901	14	1
57	1	17	0
58	0.980613578073329	23	1
59	0.647993067898388	12	2
60	1	37	0
61	1	49	0
62	0.0707498143137646	7	4
63	0.752011835654589	15	2
64	0.286431208658203	5	2
65	1	7	0
66	1	0	0
67	1	2	0
68	0.0615209742027725	1	2
69	1	28	0
70	0.226008071197795	4	2
71	1	5	0
72	0.914698292276901	14	1
73	0.279382176619987	1	1
74	1	0	0
75	1	11	0
76	1	0	0
77	0.110852521006476	2	2
78	1	24	0
79	1	8	0
80	0.0507572569299687	24	9
81	1	6	0
82	0.00271964776167099	5	6
83	0.938609824544937	16	1
84	1	22	0
85	0.752011835654589	15	2
86	1	36	0
87	1	8	0
88	1	26	0
89	1	13	0
90	0.914698292276901	14	1
91	0.805675920845034	17	2
92	1	13	0
93	0.0227970001354618	0	2
94	0.142984736420088	6	3
95	7.99910685060244e-05	8	10
96	1	9	0
97	1	22	0
98	0.899455375432911	13	1
99	0.999160477499334	42	1
100	0.962531269788166	19	1
101	0.321862505407347	30	7
102	1	23	0
103	1	28	0
104	0.996278299062953	33	1
105	1	29	0
106	1	16	0
107	1	2	0
108	1	45	0
109	0.805675920845034	17	2
110	0.0172038084153567	9	6
111	1	20	0
112	1	18	0
113	0.730617022886871	7	1
114	0.806011947195456	9	1
115	0.0217764987686586	4	4
116	0.164926402550307	19	6
117	0.466515778494418	19	4
118	0.600885660309	17	3
119	1	15	0
120	0.0117993920434835	8	6
121	0.404377376659616	7	2
122	1	4	0
123	0.835392661989154	10	1
124	1	9	0
125	0.1201258472647	9	4
126	0.106854464813646	5	3
127	1	9	0
128	0.0227970001354618	0	2
129	0.914698292276901	14	1
130	0.512204799258477	9	2
131	0.559321365588807	4	1
132	0.806011947195456	9	1
133	0.914698292276901	14	1
134	1	47	0
135	1	0	0
136	1	21	0
137	0.00308545418302918	16	10
138	0.805675920845034	17	2
139	0.647993067898388	12	2
140	1	34	0
141	1	9	0
142	0.568154163080021	22	4
143	0.93094650823926	25	2
144	0.0806874223979788	11	5
145	1	20	0
146	1	50	0
147	0.191615008159927	34	9
148	0.625984024467009	5	1
149	1	7	0
150	0.806011947195456	9	1
151	1	4	0
152	1	25	0
153	1	18	0
154	1	7	0
155	0.835392661989154	10	1
156	1	27	0
157	0.968219952915218	20	1
158	1	16	0
159	0.899455375432911	13	1
160	0.953999602759137	28	2
161	1	24	0
162	0.894936673163265	30	3
163	1	27	0
164	0.914698292276901	14	1
165	1.16550647655545e-05	0	6
166	0.0349559508347297	22	9
167	3.32607073411413e-08	9	16
168	0.480799530102632	3	1
169	0.561087061574867	10	2
170	1	25	0
171	1	10	0
172	0.980613578073329	23	1
173	1	8	0
174	5.0171703177184e-09	16	21
175	1	5	0
176	1	17	0
177	1	4	0
178	1	24	0
179	1	0	0
180	0.962531269788166	19	1
181	0.994821013339623	31	1
182	0.88297242489309	21	2
183	1	8	0
184	0.323343866333432	20	5
185	1	13	0
186	1	17	0
187	0.319613672832615	35	8
188	0.881493782037588	12	1
189	1	0	0
190	1	19	0
191	0.938609824544937	16	1
192	0.000516875002719128	0	4
193	0.899455375432911	13	1
194	0.977140386203607	22	1
195	0.312093779800072	10	3
196	0.142984736420088	6	3
197	0.907884827244183	39	4
198	0.0852995977742179	19	7
199	0.346290123273055	6	2
200	0.999565359518831	72	3
201	0.848757607247123	19	2
202	1	13	0
203	7.76690503358845e-05	0	5
204	0.599991680536716	29	5
205	0.0842451025858312	23	8
206	0.860329534754089	11	1
207	7.11625047629677e-05	10	11
208	2.28266175988176e-06	13	15
209	0.0407631351195882	19	8
210	0.988178563984289	26	1
211	1.96004154158276e-05	25	18
212	1	0	0
213	0.993891031274565	30	1
214	0.525898444789164	15	3
215	0.730617022886871	7	1
216	0.151089588377725	0	1
217	0.899455375432911	13	1
218	2.2942010450461e-13	16	28
219	3.10680708004672e-09	5	15
220	1	17	0
221	1	19	0
222	0.0294400951323851	14	7
223	1	22	0
224	0.00151526403607048	14	10
225	1	5	0
226	1	22	0
227	3.63946269419922e-08	17	20
228	1	11	0
229	0.938609824544937	16	1
230	0.0477357051075064	9	5
231	0.0707498143137646	7	4
232	0.0707498143137646	7	4
233	0.226008071197795	4	2
234	0.279382176619987	1	1
235	9.24289542798594e-15	0	17
236	0.00771131722359311	7	6
237	1	27	0
238	1	0	0
239	3.00765926797611e-14	4	21
240	1	20	0
241	0.973046127016193	21	1
242	0.43069921022237	18	4
243	0.993891031274565	30	1
244	0.151089588377725	0	1
245	1	46	0
246	0.730617022886871	7	1
247	1	12	0
248	1.74656402160832e-06	0	7
249	0.606358567352103	11	2
250	1	23	0
251	1	3	0
252	0.291660373576807	19	5
