pos	pvalue	pS	pN
1	1	0	0
2	0.794094285060096	15	13
3	0.99684522781667	34	18
4	0.578588626099229	8	9
5	0.91139560668749	4	2
6	0.994080172757355	20	9
7	0.0102823625477842	2	12
8	0.999656987141409	17	4
9	0.999998463890973	17	1
10	1	0	0
11	0.523638807976697	0	1
12	0.999999963243688	22	1
13	0.999404969027599	9	1
14	1	19	0
15	0.864435744327678	6	4
16	0.523638807976697	0	1
17	0.999953722971276	18	3
18	0.791161213469561	16	14
19	0.999998791824446	26	4
20	0.985857408719453	18	9
21	0.401677399301014	8	11
22	2.81011758087956e-05	9	39
23	0.000414430095909363	6	27
24	0.0519665201180452	7	17
25	0.0255740754479534	7	19
26	3.48389658633342e-07	8	46
27	0.939888634910063	33	25
28	0.198395494515931	15	23
29	1	2	0
30	0.197907698499363	5	10
31	0.999985619428715	14	1
32	0.999993175048115	15	1
33	0.996856495053667	15	5
34	0.998748102054288	8	1
35	0.999999963243688	22	1
36	0.878783691068911	10	7
37	0.758445763913406	8	7
38	1	23	0
39	0.998179217382708	16	5
40	0.99999199272529	18	2
41	0.981133919532105	20	11
42	0.996412156305333	13	4
43	0.996412156305333	13	4
44	0.951868801115009	35	26
45	0.926014143133802	10	6
46	0.988358426673119	5	1
47	0.452389008336176	5	7
48	0.557184226157611	19	21
49	0.992623783600735	15	6
50	0.999996761716106	16	1
51	0.14048638594091	10	18
52	0.999916634740798	27	8
53	0.0714429757017312	9	19
54	0.848924875042771	7	5
55	0.0103198597207135	4	16
56	5.20619114572704e-06	6	36
57	0.917053047057449	11	7
58	0.999999999995057	38	2
59	0.0148152001774169	5	17
60	0.000245317161503065	5	26
61	1	20	0
62	0.999994897116187	26	5
63	0.981694857517624	16	8
64	0.999999988550349	38	6
65	0.0714429757017312	9	19
66	0.752426607354662	9	8
67	0.678880108549938	21	21
68	0.810551346262074	4	3
69	0.999990570280773	25	5
70	0.286968825919033	10	15
71	0.26876294995457	13	19
72	0.986316010698216	7	2
73	0.672373133664049	7	7
74	0.000310866902104923	3	21
75	0.670620498528576	8	8
76	0.00155628745143883	7	26
77	0.747718987629136	10	9
78	0.0837865919788988	4	11
79	0.143492684215307	0	3
80	0.387190860447855	13	17
81	0.000237285906813242	2	19
82	0.0689086349013411	11	22
83	0.999404969027599	9	1
84	0.57400441337907	7	8
85	0.582911329026068	9	10
86	0.00039792846129422	5	25
87	0.999873796723707	42	18
88	0.99775156132731	28	13
89	0.99736675857028	7	1
90	0.00244054475103536	3	17
91	0.0519665201180452	7	17
92	0.968359027053594	9	4
93	0.523638807976697	0	1
94	0.931303898988305	14	9
95	0.127533660785202	9	17
96	0.97514103078371	11	5
97	0.840791951532592	3	2
98	0.994068355719995	17	7
99	0.91139560668749	4	2
100	0.968359027053594	9	4
101	0.00102818989913622	5	23
102	0.075092359856172	0	4
103	0.0281168071524147	2	10
104	0.0392891849168983	0	5
105	0.999375507187371	16	4
106	0.00293828325108068	0	9
107	0.999969706836341	13	1
108	0.9881896200343	17	8
109	0.994068355719995	17	7
110	0.996856495053667	15	5
111	0.0560361881206597	14	27
112	0.747718987629136	10	9
113	0.998869448380896	13	3
114	0.902024148254322	13	9
115	0.758445763913406	8	7
116	0.487525050223408	8	10
117	0.900598215583276	8	5
118	0.180968612067601	10	17
119	8.49135347296224e-06	0	18
120	0.998748102054288	8	1
121	0.988358426673119	5	1
122	0.219424412321726	6	11
123	0.243532052445214	11	17
124	8.89397901301573e-08	0	25
125	0.617373268567215	19	20
126	0.988358426673119	5	1
127	3.13273437271367e-06	6	37
128	0.989058648574585	11	4
129	4.7845325386525e-08	6	45
130	0.999999999125972	27	1
131	0.679864294844372	5	5
132	0.99999999995646	35	2
133	0.960234856313138	7	3
134	1	3	0
135	0.00612744170750205	2	13
136	0.996234506791096	21	9
137	0.0515761283314582	11	23
138	0.900598215583276	8	5
139	0.00618958797053469	17	39
140	0.999717011625487	28	10
141	0.999997251015316	27	5
142	0.999982186060887	26	6
143	0.947774695208628	16	10
144	0.307358474043029	7	11
145	0.960109667884792	18	11
146	0.934902744004932	19	13
147	0.997978579333644	14	4
148	0.998748102054288	8	1
149	0.975531290008848	4	1
150	0.348693657292713	1	3
151	0.999999982590422	23	1
152	0.143489787768719	5	11
153	0.766247530177963	7	6
154	0.999993175048115	15	1
155	0.238762892037222	7	12
156	0.675259531959591	6	6
157	0.307358474043029	7	11
158	0.999936202281929	12	1
159	0.99736675857028	7	1
160	0.989058648574585	11	4
161	0.143492684215307	0	3
162	0.55162903450376	3	4
163	0.99981290371658	18	4
164	0.0648586018013313	3	10
165	0.132973356219417	1	5
166	0.9314951227175	6	3
167	0.00562046023338963	0	8
168	0.699584641222796	3	3
169	0.77313591818702	1	1
170	0.00562046023338963	0	8
171	0.000641668874889186	5	24
172	0.274141697766375	0	2
173	0.00153577085956799	0	10
174	0.266973040323872	2	5
175	0.77313591818702	1	1
176	0.000219023154005365	0	13
177	0.884532469989786	5	3
178	0.000114384226945723	0	14
179	0.944366777512711	12	7
180	0.00630290709816805	5	19
181	0.77313591818702	1	1
182	0.21312902492368	3	7
183	0.992476290127081	18	8
184	0.999999999956296	31	1
185	5.97245581467554e-05	0	15
186	1	8	0
187	0.523638807976697	0	1
188	0.075092359856172	0	4
189	0.0160803787097426	4	15
190	1	0	0
191	0.960234856313138	7	3
192	0.0392891849168983	0	5
193	0.0169864693082846	3	13
194	0.256285142492011	8	13
195	1	0	0
196	0.119543403632132	6	13
197	0.00501825800236823	1	11
198	0.307358474043029	7	11
199	0.975531290008848	4	1
200	0.218305059613267	1	4
201	0.998748102054288	8	1
202	0.00562046023338963	0	8
203	1	0	0
204	1.35340259303513e-06	2	28
205	2.31070915223504e-06	0	20
206	4.36647678573539e-05	2	22
207	5.97245581467554e-05	0	15
208	0.523638807976697	0	1
209	9.17217374118038e-05	5	28
210	0.0205523506563945	0	6
211	2.31070915223504e-06	0	20
212	1.62726541124096e-05	0	17
213	8.49135347296224e-06	0	18
214	0.0279774014997967	11	25
215	4.6333662636531e-08	0	26
216	5.97245581467554e-05	0	15
217	0.152965603561167	11	19
218	0.77313591818702	1	1
219	0.000419299810098013	0	12
220	0.00136965206658917	9	30
221	0.000350795119784561	11	37
222	0.0107488286695211	0	7
223	0.000802546326120528	0	11
224	0.00161663052926904	6	24
225	0.00501825800236823	1	11
226	1.25668835673928e-08	0	28
227	0.00886801619404259	1	10
228	0.0859579786201394	6	14
229	0.35234512916305	5	8
230	1.33165519834359e-05	1	21
