pos	pvalue	pS	pN
1	1	0	0
2	0.00506439621673664	0	4
3	1	3	0
4	0.842046063613586	13	3
5	0.606056442260041	2	1
6	0.975972546817479	11	1
7	1	12	0
8	0.143436854636609	6	5
9	0.971866886914578	16	2
10	0.916696054175809	20	4
11	1	15	0
12	1.09568642809173e-07	10	24
13	0.788345166482963	4	1
14	0.0123449950259533	21	17
15	1	3	0
16	0.175647405024704	1	2
17	0.967209082219843	10	1
18	1	1	0
19	1	4	0
20	0.309502981661099	9	5
21	1	4	0
22	0.290512913939152	2	2
23	1	10	0
24	1	11	0
25	1	4	0
26	1	10	0
27	0.967209082219843	10	1
28	1	8	0
29	1	3	0
30	0.596265279477513	5	2
31	0.844869667093663	5	1
32	0.788345166482963	4	1
33	1	11	0
34	0.844869667093663	5	1
35	1	7	0
36	1	2	0
37	1	14	0
38	0.000216241948336548	2	9
39	0.806769815175198	12	3
40	9.58107337388332e-05	0	7
41	0.765059599653553	11	3
42	1	6	0
43	1	12	0
44	0.0463395618276419	5	6
45	1	12	0
46	1	5	0
47	0.967209082219843	10	1
48	0.196976950850579	3	3
49	1	11	0
50	0.788345166482963	4	1
51	0.596265279477513	5	2
52	0.0193477263707883	15	13
53	1	19	0
54	0.0161054651692504	20	16
55	1	0	0
56	0.191048828650054	25	13
57	0.025470645897654	7	8
58	0.788345166482963	4	1
59	0.998539720486801	20	1
60	0.993076374723034	15	1
61	0.938935610582701	8	1
62	0.505722663429463	4	2
63	0.916674746426797	7	1
64	0.00509969207649921	10	12
65	0.921214217979962	12	2
66	0.711237618367004	3	1
67	1	10	0
68	1	19	0
69	0.00861723350105343	5	8
70	1	5	0
71	1	9	0
72	0.788345166482963	4	1
73	0.938935610582701	8	1
74	0.916674746426797	7	1
75	0.0292116688992715	9	9
76	0.0292116688992715	9	9
77	0.0463395618276419	5	6
78	0.596265279477513	5	2
79	0.606056442260041	2	1
80	0.0110401519296036	4	7
81	1	15	0
82	1	3	0
83	0.27936612330934	4	3
84	1	8	0
85	1	4	0
86	0.898906415361904	11	2
87	1	2	0
88	1	11	0
89	0.971866886914578	16	2
90	1	15	0
91	1	6	0
92	0.0189937711901165	0	3
93	0.595987634184051	8	3
94	0.952646047118854	14	2
95	1	9	0
96	0.0270853382468938	4	6
97	0.0139604759406606	3	6
98	0.524561887228862	7	3
99	0.788209440284683	15	4
100	0.993076374723034	15	1
101	0.921214217979962	12	2
102	1	2	0
103	1	4	0
104	0.250244990289424	8	5
105	0.0190313739318954	8	9
106	1	3	0
107	0.938935610582701	8	1
108	0.00066982417215938	2	8
109	0.916674746426797	7	1
110	0.606056442260041	2	1
111	9.03174434494573e-09	0	14
112	0.886303731696354	6	1
113	1.74667821712048e-13	6	32
114	0.446622412496156	6	3
115	0.711237618367004	3	1
116	1	6	0
117	0.788345166482963	4	1
118	1	29	0
119	0.490615613998402	12	5
120	1	13	0
121	0.844869667093663	5	1
122	1	23	0
123	0.835673583107953	9	2
124	0.844869667093663	5	1
125	1	9	0
126	0.370334522586788	10	5
127	1	6	0
128	1	6	0
129	1	7	0
130	1	4	0
131	1	0	0
132	1	3	0
133	0.921214217979962	12	2
134	0.196976950850579	3	3
135	0.916674746426797	7	1
136	1	13	0
137	1	6	0
138	1	19	0
139	1	6	0
140	1	3	0
141	0.792094319667243	8	2
142	1	8	0
143	1	6	0
144	1	4	0
145	0.606056442260041	2	1
146	1	10	0
147	0.175647405024704	1	2
148	0.886303731696354	6	1
149	0.957380242949782	19	3
150	0.898906415361904	11	2
151	0.403990615480827	8	4
152	0.688463063629224	25	8
153	1	3	0
154	1.66878488295321e-07	14	27
155	0.844869667093663	5	1
156	0.0572339552726098	9	8
157	0.389437252939877	18	8
158	0.990549479247772	14	1
159	0.238749545904313	17	9
160	1	5	0
161	1	9	0
162	1	10	0
163	1	10	0
164	0.000175283317194693	1	8
165	0.711237618367004	3	1
166	1	7	0
167	0.886303731696354	6	1
168	1	20	0
169	1	5	0
170	0.916674746426797	7	1
171	1.80719298024513e-06	0	10
172	0.00521056773650513	3	7
173	0.788345166482963	4	1
174	9.03174434494573e-09	0	14
175	0.00431989641917207	4	8
176	0.000175283317194693	1	8
177	0.141321083677524	10	7
178	0.00163406074299622	4	9
179	1.01884605182803e-07	1	14
180	0.446622412496156	6	3
181	1.80719298024513e-06	0	10
182	0.00134989622383534	0	5
183	0.967209082219843	10	1
184	1	12	0
185	1	7	0
186	1	3	0
187	1	6	0
188	0.402807425903168	3	2
189	0.601354418925442	14	5
190	0.0471653411356767	2	4
191	0.0338236331251726	13	11
192	0.264763638119843	6	4
193	1	2	0
194	0.194298455083418	7	5
195	1.80719298024513e-06	0	10
196	1	3	0
197	0.650407511624155	18	6
198	0.971866886914578	16	2
199	0.0712116491349791	0	2
200	0.00234545408969391	10	13
201	1	30	0
202	0.524561887228862	7	3
203	0.987100917243301	13	1
204	0.462586763181595	1	1
205	0.266899206158287	0	1
206	0.993076374723034	15	1
207	0.0712116491349791	0	2
208	0.462586763181595	1	1
209	0.0270853382468938	4	6
210	0.932952646513105	17	3
211	0.000815752556683067	14	17
212	0.884438791704341	22	5
213	0.0163833587694782	11	11
214	0.806769815175198	12	3
215	0.264763638119843	6	4
216	2.1040956969957e-05	7	16
217	0.673706628583254	6	2
218	0.931816632050916	21	4
219	0.0471653411356767	2	4
220	0.938935610582701	8	1
221	0.596265279477513	5	2
222	1	29	0
223	0.938935610582701	8	1
224	1	12	0
225	1	12	0
226	0.996251350128427	29	3
227	1	0	0
228	1	5	0
229	0.738587833179567	7	2
230	1	2	0
231	0.886303731696354	6	1
232	1	7	0
233	1	9	0
234	1	13	0
235	1	20	0
236	0.987100917243301	13	1
237	0.196976950850579	3	3
238	1	5	0
239	1	14	0
240	0.967209082219843	10	1
241	1	19	0
242	1	1	0
243	1	3	0
244	1	7	0
245	1	22	0
246	1	0	0
247	1	15	0
248	1	6	0
249	1	4	0
250	1	10	0
251	0.938935610582701	8	1
252	1	3	0
253	0.264763638119843	6	4
254	0.290512913939152	2	2
255	0.788345166482963	4	1
256	0.788345166482963	4	1
257	1.28424225894927e-08	5	21
258	1	10	0
259	1	14	0
260	0.704149289771035	13	4
261	0.000600731762012362	4	10
262	0.938935610582701	8	1
263	0.886303731696354	6	1
264	0.27936612330934	4	3
265	0.921214217979962	12	2
266	1	4	0
267	0.788345166482963	4	1
268	0.788209440284683	15	4
269	0.886303731696354	6	1
270	1	20	0
271	1	7	0
272	1	8	0
273	1	11	0
274	1	14	0
275	1	7	0
276	1	3	0
277	1	5	0
278	1	7	0
279	0.999935255108662	30	1
280	0.138407608557757	4	4
281	0.738587833179567	7	2
282	1	32	0
283	0.606056442260041	2	1
284	0.788345166482963	4	1
285	1	9	0
286	1	12	0
287	0.938935610582701	8	1
288	1	17	0
289	1	0	0
290	1	0	0
291	0.187839899809721	9	6
292	0.505722663429463	4	2
293	1	5	0
294	0.844869667093663	5	1
295	1	9	0
296	0.788345166482963	4	1
297	1	12	0
298	0.0722306140110759	6	6
299	0.0139604759406606	3	6
300	1	3	0
301	1	4	0
302	0.334093228681691	7	4
303	0.982394724438777	12	1
304	1	15	0
305	1	8	0
306	0.402807425903168	3	2
307	0.938935610582701	8	1
308	1	17	0
309	0.266899206158287	0	1
310	1	2	0
311	1	6	0
312	1	4	0
313	1	4	0
314	0.998006327854738	19	1
315	0.967209082219843	10	1
316	1	8	0
317	2.55126210461417e-05	0	8
318	0.938935610582701	8	1
319	1	14	0
320	0.997750181869785	31	3
321	1	0	0
322	0.595987634184051	8	3
323	0.916674746426797	7	1
324	1	11	0
325	0.955251309573308	9	1
326	0.659986640418459	9	3
327	0.250244990289424	8	5
328	0.000578083197231689	9	14
329	1	2	0
330	1	18	0
331	0.862566428457749	21	5
332	1	0	0
333	0.886303731696354	6	1
334	0.844869667093663	5	1
335	1	3	0
336	0.650407511624155	18	6
337	0.996284375025354	17	1
338	0.711237618367004	3	1
339	2.55126210461417e-05	0	8
340	1	5	0
341	1	16	0
342	0.0607818961102562	1	3
343	1	0	0
344	0.844869667093663	5	1
345	1	1	0
346	1	8	0
347	1	7	0
348	0.266899206158287	0	1
349	0.596265279477513	5	2
350	0.253567579905692	15	8
351	0.472322004454784	9	4
352	1	22	0
353	2.1040956969957e-05	7	16
354	1	11	0
355	0.462586763181595	1	1
356	1	0	0
357	1	12	0
358	0.916674746426797	7	1
359	1	7	0
360	0.0463395618276419	5	6
361	0.000154874005492564	11	17
362	0.0712116491349791	0	2
363	0.989812549546913	25	3
364	0.397168986113049	13	6
365	1	13	0
366	1	3	0
367	0.290512913939152	2	2
368	0.844869667093663	5	1
369	0.870810971645851	10	2
370	0.0171958063082613	2	5
371	0.659986640418459	9	3
372	9.58107337388332e-05	0	7
373	0.971866886914578	16	2
374	1.84128113913249e-07	2	15
375	0.00137112209144948	5	10
376	1	4	0
377	0.792094319667243	8	2
378	0.990549479247772	14	1
379	0.604847624747012	17	6
380	1	12	0
381	0.462586763181595	1	1
382	0.402807425903168	3	2
383	0.025470645897654	7	8
384	0.00137112209144948	5	10
385	0.606056442260041	2	1
386	0.000456611429014432	10	15
387	0.654420665446561	30	10
388	0.138407608557757	4	4
389	0.505722663429463	4	2
390	0.524561887228862	7	3
391	0.0871247209055639	3	4
392	9.58107337388332e-05	0	7
393	0.236525656506724	10	6
394	1	4	0
395	0.844869667093663	5	1
396	0.998145979061015	26	2
397	1.19117769676049e-11	0	19
398	0.000194771804048509	5	12
399	0.955251309573308	9	1
400	0.792094319667243	8	2
401	1	6	0
402	1	4	0
403	1	12	0
404	1	16	0
405	1	6	0
406	1	24	0
407	1	0	0
408	1	0	0
409	1	0	0
410	1	12	0
411	1	0	0
412	0.835673583107953	9	2
413	1	4	0
414	1	0	0
415	1	8	0
416	1	6	0
417	1	33	0
418	0.997550734095722	25	2
419	1	18	0
420	1	9	0
421	1	11	0
422	0.998598107896991	27	2
423	0.00630092371467442	1	5
424	0.99439473828201	22	2
425	1	6	0
426	0.0110401519296036	4	7
427	1	11	0
428	0.606056442260041	2	1
429	0.0712116491349791	0	2
430	0.0722306140110759	6	6
431	0.143436854636609	6	5
432	0.596265279477513	5	2
433	0.955251309573308	9	1
434	1	5	0
435	1.93414276195476e-23	1	42
436	0.975972546817479	11	1
437	0.266899206158287	0	1
438	1	0	0
439	1	4	0
440	1	12	0
441	0.788345166482963	4	1
442	0.606056442260041	2	1
443	1	6	0
444	1	12	0
445	0.982394724438777	12	1
446	0.844869667093663	5	1
447	1	1	0
448	0.835673583107953	9	2
449	1	7	0
450	0.711237618367004	3	1
451	0.472322004454784	9	4
452	0.266899206158287	0	1
453	0.916674746426797	7	1
454	0.106558780307739	11	8
455	0.190512511311155	18	10
456	0.0771916648364417	8	7
457	0.080320200396162	14	10
458	0.938821049180695	13	2
459	0.462586763181595	1	1
460	0.673706628583254	6	2
461	0.309502981661099	9	5
462	0.673706628583254	6	2
463	1	11	0
464	0.00052312647036163	5	11
465	0.099301721541624	5	5
466	1	6	0
467	0.738587833179567	7	2
468	1	11	0
469	0.00396954408262168	8	11
470	0.788345166482963	4	1
471	0.952646047118854	14	2
472	1	11	0
473	0.431156734441362	11	5
474	1	12	0
475	1	8	0
476	0.788345166482963	4	1
477	1	0	0
478	0.606056442260041	2	1
479	1	4	0
480	0.000215536597293804	4	11
481	0.971866886914578	16	2
482	0.738587833179567	7	2
483	0.596265279477513	5	2
484	0.0607818961102562	1	3
485	0.596265279477513	5	2
486	0.992042239775342	26	3
487	0.886303731696354	6	1
488	1	30	0
489	1	7	0
490	0.606056442260041	2	1
491	0.27936612330934	4	3
492	0.175647405024704	1	2
493	1	4	0
494	0.606056442260041	2	1
495	0.00671394031231994	9	11
496	0.788345166482963	4	1
497	0.104783998753809	7	6
498	1	6	0
499	0.290512913939152	2	2
500	0.987100917243301	13	1
501	1	2	0
502	0.870810971645851	10	2
503	0.96345280376215	15	2
504	0.788345166482963	4	1
505	0.975972546817479	11	1
506	0.505722663429463	4	2
507	0.0189937711901165	0	3
508	0.598218737566975	11	4
509	0.716286031207562	10	3
510	0.363941232160289	5	3
511	0.537449613572258	10	4
512	0.138407608557757	4	4
513	1	13	0
514	0.418402895182157	16	7
515	0.334093228681691	7	4
516	0.673706628583254	6	2
517	0.0038784183603513	11	13
518	0.175647405024704	1	2
519	0.738587833179567	7	2
520	0.886303731696354	6	1
521	0.187839899809721	9	6
522	0.673706628583254	6	2
523	0.0189937711901165	0	3
524	0.0771916648364417	8	7
525	7.58393195293482e-05	3	11
526	1	10	0
527	9.92461869609921e-05	9	16
528	0.788345166482963	4	1
529	0.993076374723034	15	1
530	0.175647405024704	1	2
531	0.921214217979962	12	2
532	0.606056442260041	2	1
533	0.505722663429463	4	2
534	0.0712116491349791	0	2
535	2.55126210461417e-05	0	8
536	0.711237618367004	3	1
537	0.0631935298942589	4	5
538	0.673706628583254	6	2
539	0.898906415361904	11	2
540	0.990549479247772	14	1
541	0.596265279477513	5	2
542	1	6	0
543	0.952646047118854	14	2
544	1	4	0
545	0.982394724438777	12	1
546	0.0712116491349791	0	2
547	0.223735584944221	12	7
548	0.898906415361904	11	2
549	0.955251309573308	9	1
550	1	24	0
551	1	2	0
552	0.27936612330934	4	3
553	0.711237618367004	3	1
554	0.596265279477513	5	2
555	1	5	0
556	1	8	0
557	0.606056442260041	2	1
558	0.505722663429463	4	2
559	0.788345166482963	4	1
560	1	18	0
561	0.955251309573308	9	1
562	0.788345166482963	4	1
563	0.0572339552726098	9	8
564	1	14	0
565	0.916674746426797	7	1
566	0.00194297067723965	1	6
567	0.363941232160289	5	3
568	0.788209440284683	15	4
569	0.989812549546913	25	3
570	0.998006327854738	19	1
571	0.402807425903168	3	2
572	0.955251309573308	9	1
573	0.870810971645851	10	2
574	0.0139604759406606	3	6
575	0.96345280376215	15	2
576	0.971866886914578	16	2
577	0.0123302123093132	12	12
578	0.225272670118798	19	10
579	0.997278224087401	18	1
580	1	0	0
581	0.0239724819179038	12	11
582	0.844869667093663	5	1
583	1	7	0
584	0.0139604759406606	3	6
585	0.606056442260041	2	1
586	0.765059599653553	11	3
587	1.33615373232625e-11	5	27
588	1	12	0
589	1	10	0
590	1	8	0
591	7.09808680201328e-05	5	13
592	1	7	0
593	0.606056442260041	2	1
594	1	11	0
595	0.96345280376215	15	2
596	1	3	0
597	1	14	0
598	0.842046063613586	13	3
599	1	3	0
600	1	10	0
601	0.0712116491349791	0	2
602	0.999911566911815	29	1
603	0.938935610582701	8	1
604	1	11	0
605	0.955251309573308	9	1
606	0.556209869208354	16	6
607	1	2	0
608	0.363941232160289	5	3
609	0.368235625315407	15	7
610	0.886303731696354	6	1
611	0.921214217979962	12	2
612	1	9	0
613	1	0	0
614	0.547621410290602	13	5
615	0.993076374723034	15	1
616	1	0	0
617	0.711237618367004	3	1
618	1.84128113913249e-07	2	15
619	0.0255556556499811	14	12
620	1	4	0
621	0.490615613998402	12	5
622	0.886303731696354	6	1
623	1	11	0
624	0.595987634184051	8	3
625	1	13	0
626	0.990549479247772	14	1
627	0.524561887228862	7	3
628	0.971866886914578	16	2
629	1	13	0
630	0.955251309573308	9	1
631	0.788345166482963	4	1
632	0.451667665829341	14	6
633	0.00072785124782696	8	13
634	0.0142750066110721	9	10
635	0.995740944965425	23	2
636	0.431156734441362	11	5
637	8.30374463237311e-07	3	15
638	0.334093228681691	7	4
639	0.194298455083418	7	5
640	0.00203204724146311	2	7
641	0.967209082219843	10	1
642	0.0110401519296036	4	7
643	0.00703608742417296	14	14
644	0.342400543638683	12	6
645	8.92466828987882e-06	5	15
646	3.39857252073411e-08	0	13
647	0.844869667093663	5	1
648	0.0596880584531456	11	9
649	0.788345166482963	4	1
650	0.994927847908089	16	1
651	1	8	0
652	3.20326235622313e-10	4	23
653	0.00630092371467442	1	5
654	5.56342508203951e-05	7	15
655	4.80742930318097e-07	0	11
656	0.982394724438777	12	1
657	1	4	0
658	0.792094319667243	8	2
659	0.996768180732418	24	2
660	0.00431989641917207	4	8
661	0.524561887228862	7	3
662	0.595987634184051	8	3
663	0.596265279477513	5	2
664	1	6	0
665	1	15	0
666	0.266899206158287	0	1
667	0.00295301437730888	12	14
668	0.505722663429463	4	2
669	0.334093228681691	7	4
670	0.994927847908089	16	1
671	1	13	0
672	0.967209082219843	10	1
673	1	14	0
674	0.596265279477513	5	2
675	1	9	0
676	1	4	0
677	1	4	0
678	0.402807425903168	3	2
679	0.596265279477513	5	2
680	0.106696971981383	9	7
681	0.938935610582701	8	1
682	0.975972546817479	11	1
683	0.596265279477513	5	2
684	1	10	0
685	1	3	0
686	1	4	0
687	0.00671394031231994	9	11
688	0.000359690725667522	0	6
689	0.957380242949782	19	3
690	0.955251309573308	9	1
691	0.983444252508005	18	2
692	1	12	0
693	0.711237618367004	3	1
694	0.00396954408262168	8	11
695	0.990549479247772	14	1
696	1	14	0
697	0.716286031207562	10	3
698	0.0805125834150666	12	9
699	1	6	0
700	0.987100917243301	13	1
701	0.886303731696354	6	1
702	0.886303731696354	6	1
703	1	5	0
704	0.659986640418459	9	3
705	1	3	0
706	0.792094319667243	8	2
707	0.916674746426797	7	1
708	0.971866886914578	16	2
709	0.00187937676902027	3	8
710	1	8	0
711	0.524561887228862	7	3
712	1	8	0
713	0.673706628583254	6	2
714	0.0189937711901165	0	3
715	0.431156734441362	11	5
716	0.462586763181595	1	1
717	1	8	0
718	0.0712116491349791	0	2
719	0.0609466306999164	13	10
720	0.886303731696354	6	1
721	1	3	0
722	0.596265279477513	5	2
723	0.65150648819689	24	8
724	1	3	0
725	1	1	0
726	1	4	0
727	1	18	0
728	0.397591975042997	26	11
729	0.944407578158764	22	4
730	0.200800135897217	16	9
731	1	30	0
732	1	5	0
733	0.595987634184051	8	3
734	0.957380242949782	19	3
735	0.00810431533483227	11	12
736	0.0154481409574351	6	8
737	0.673706628583254	6	2
738	0.716286031207562	10	3
739	0.0154481409574351	6	8
740	0.738587833179567	7	2
741	0.598218737566975	11	4
742	0.606056442260041	2	1
743	0.266899206158287	0	1
744	3.39857252073411e-08	0	13
745	0.196976950850579	3	3
746	0.000359690725667522	0	6
747	1	12	0
748	0.0358418332533709	3	5
749	0.00134989622383534	0	5
750	0.462586763181595	1	1
751	1	0	0
752	0.0338236331251726	13	11
753	3.58387476418481e-07	1	13
754	0.0607818961102562	1	3
755	0.266899206158287	0	1
756	0.334093228681691	7	4
757	2.50403094331826e-05	3	12
