pos	pvalue	pS	pN
1	1	0	0
2	0.0108462206131435	5	9
3	0.00534480137813511	4	9
4	0.230926484126516	1	2
5	0.379682295895908	4	3
6	0.9762054627878	9	1
7	0.0564378054169503	4	6
8	0.784990107640977	12	4
9	1	1	0
10	0.694989655296373	5	2
11	0.926923429193371	6	1
12	0.0302719061569095	0	3
13	0.048064839011525	14	13
14	1.17965920559188e-11	2	26
15	0.988339018119872	20	3
16	0.674022848654628	2	1
17	0.983631944455211	10	1
18	0.0564378054169503	4	6
19	0.995243280281747	23	3
20	0.00208933835813429	2	8
21	1	0	0
22	0.033936978661321	2	5
23	0.845642000489444	4	1
24	0.0927988284703845	1	3
25	1	11	0
26	0.893790032922371	5	1
27	0.167169791844238	10	8
28	0.999874213568739	23	1
29	0.369054139782647	2	2
30	0.0332776023463206	16	15
31	0.82421818038735	7	2
32	0.754066159998143	14	5
33	1	15	0
34	1	9	0
35	0.00534480137813511	4	9
36	0.82421818038735	7	2
37	0.0302719061569095	0	3
38	0.0564378054169503	4	6
39	1	4	0
40	1	5	0
41	0.983631944455211	10	1
42	1	9	0
43	1	5	0
44	0.000786761541500102	2	9
45	1	6	0
46	0.495827422768663	3	2
47	1	0	0
48	1	2	0
49	1	19	0
50	1	5	0
51	1	10	0
52	1	9	0
53	1	3	0
54	0.839338326393099	19	6
55	0.271680931918511	16	10
56	0.949723181209327	7	1
57	0.106126147890668	24	17
58	0.674022848654628	2	1
59	0.0564378054169503	4	6
60	0.178894215303624	2	3
61	2.57316368181434e-07	0	13
62	0.190354378204144	7	6
63	7.26332656717712e-05	8	18
64	0.82421818038735	7	2
65	0.0266974119566351	4	7
66	0.0196881974918181	6	9
67	0.927430570371721	10	2
68	0.863063612911673	17	5
69	1	2	0
70	6.76003401593948e-05	1	10
71	1	21	0
72	0.989068677429422	16	2
73	0.971389892107659	13	2
74	0.9762054627878	9	1
75	1	11	0
76	1	4	0
77	1	10	0
78	1	4	0
79	0.767325165081679	6	2
80	1	3	0
81	1	9	0
82	0.926923429193371	6	1
83	0.82421818038735	7	2
84	1	11	0
85	0.154278235856416	8	7
86	0.000914239624780427	0	6
87	1	11	0
88	1	0	0
89	1	3	0
90	0.264581956620894	12	8
91	0.983631944455211	10	1
92	1	5	0
93	1	9	0
94	1	2	0
95	1	9	0
96	0.845642000489444	4	1
97	0.215847579154996	4	4
98	0.379682295895908	4	3
99	0.36472649948962	20	11
100	6.72267990190774e-10	5	27
101	0.679935846216968	10	4
102	1	12	0
103	0.927430570371721	10	2
104	0.379682295895908	4	3
105	0.868263898030534	8	2
106	0.477983125940456	5	3
107	1	2	0
108	1	2	0
109	0.992255972349711	12	1
110	0.845642000489444	4	1
111	1	6	0
112	0.543401052154618	8	4
113	0.868263898030534	8	2
114	0.746854867839863	19	7
115	0.26876636454392	14	9
116	0.999733818943017	21	1
117	1	0	0
118	0.604901838324812	4	2
119	1	1	0
120	0.775679084945288	3	1
121	1	14	0
122	0.946563415456249	11	2
123	1	7	0
124	1	20	0
125	1	10	0
126	0.901940646113693	9	2
127	0.0740994173091449	9	9
128	0.775679084945288	3	1
129	0.000291318610850567	2	10
130	1	12	0
131	1	5	0
132	0.901940646113693	9	2
133	0.627874837174956	14	6
134	0.694989655296373	5	2
135	1	6	0
136	0.526324060478591	1	1
137	1	2	0
138	1	1	0
139	0.9762054627878	9	1
140	0.568199611511831	6	3
141	0.993567877435984	22	3
142	0.313560623268556	9	6
143	0.845642000489444	4	1
144	0.949723181209327	7	1
145	0.999913537642978	24	1
146	1	5	0
147	0.998808802891582	17	1
148	0.926923429193371	6	1
149	1	3	0
150	1	3	0
151	0.090468452692526	8	8
152	1	14	0
153	0.998267684810351	16	1
154	1	15	0
155	0.311740412979351	0	1
156	0.82421818038735	7	2
157	0.775679084945288	3	1
158	0.00953804003081787	6	10
159	0.999999042097972	36	1
160	0.946563415456249	11	2
161	0.215847579154996	4	4
162	0.437254158773889	13	7
163	0.297550154797706	5	4
164	0.988741160280983	11	1
165	1	5	0
166	0.998267684810351	16	1
167	0.775679084945288	3	1
168	0.999436846131056	19	1
169	0.9762054627878	9	1
170	1	6	0
171	1	7	0
172	1	2	0
173	1	9	0
174	1	12	0
175	1	7	0
176	0.0674997261856121	3	5
177	1	16	0
178	0.775679084945288	3	1
179	1	5	0
180	1	6	0
181	0.893790032922371	5	1
182	1	0	0
183	0.82421818038735	7	2
184	0.167169791844238	10	8
185	0.999180937544584	18	1
186	0.00830326672294678	7	11
187	0.999874213568739	23	1
188	0.311740412979351	0	1
189	0.568199611511831	6	3
190	1	4	0
191	1	2	0
192	0.845642000489444	4	1
193	0.912092329424374	16	4
194	1	5	0
195	1	2	0
196	0.203908067206109	9	7
197	0.694989655296373	5	2
198	0.845642000489444	4	1
199	0.998267684810351	16	1
200	1	2	0
201	0.0564378054169503	4	6
202	1	1	0
203	0.775679084945288	3	1
204	0.376818888020341	12	7
205	0.674022848654628	2	1
206	0.93086446571959	17	4
207	0.965411306312074	8	1
208	0.2498476683037	8	6
209	0.307838050400974	7	5
210	0.826134944957971	13	4
211	2.75460476604805e-05	0	9
212	0.524632437668624	10	5
213	3.58771369241786e-06	4	17
214	0.526324060478591	1	1
215	0.996336944315045	14	1
216	0.271680931918511	16	10
217	0.526324060478591	1	1
218	0.999436846131056	19	1
219	1	4	0
220	1	6	0
221	1	20	0
222	0.381916315472	6	4
223	1	7	0
224	0.00228845735868605	4	10
225	0.01339807961059	12	14
226	5.91365381668662e-07	2	16
227	0.615461366212673	9	4
228	0.0108462206131435	5	9
229	0.994673807501219	13	1
230	0.893790032922371	5	1
231	0.00208933835813429	2	8
232	0.311740412979351	0	1
233	0.012142448940579	4	8
234	0.82421818038735	7	2
235	0.971389892107659	13	2
236	0.960824115380101	12	2
237	0.651269386360745	12	5
238	0.93086446571959	17	4
239	0.999995800719287	39	2
240	0.997247338229323	29	4
241	0.00010634856669598	2	11
242	0.604901838324812	4	2
243	0.965411306312074	8	1
244	0.277678591656363	3	3
245	1	15	0
246	1	4	0
247	1	12	0
248	0.694989655296373	5	2
249	0.000914239624780427	0	6
250	0.82421818038735	7	2
251	0.860999215913139	11	3
252	0.000405404582065707	5	13
253	1	10	0
254	0.226749216402531	15	10
255	0.694989655296373	5	2
256	0.00205192122834102	6	12
257	0.277678591656363	3	3
258	0.926923429193371	6	1
259	0.705808916223536	13	5
260	0.845642000489444	4	1
261	0.524632437668624	10	5
262	0.430071500148355	15	8
263	0.379265934352018	35	18
264	0.369054139782647	2	2
265	0.965411306312074	8	1
266	0.00268384330888259	10	15
267	0.0159896448329325	11	13
268	0.0108462206131435	5	9
269	1.81245911788636e-11	6	32
270	0.998984775335243	28	3
271	0.0305240194528158	3	6
272	0.0305240194528158	3	6
273	1	37	0
274	0.258580087592558	10	7
275	7.23145998759109e-06	3	15
276	0.926923429193371	6	1
277	0.273675053379812	18	11
278	0.860999215913139	11	3
279	0.9762054627878	9	1
280	0.694989655296373	5	2
281	1	6	0
282	0.999817014299996	22	1
283	1	26	0
284	0.936319273549522	14	3
285	1	0	0
286	0.0801098389508851	2	4
287	0.0327383999416756	7	9
288	0.992255972349711	12	1
289	1	4	0
290	1	14	0
291	0.313560623268556	9	6
292	0.926923429193371	6	1
293	0.674022848654628	2	1
294	0.177135382334217	12	9
295	0.995917384222721	19	2
296	7.38698620142714e-05	7	17
297	0.888924847539486	18	5
298	0.0346995473398216	10	11
299	0.983631944455211	10	1
300	0.892146566650969	12	3
301	0.997480891492309	15	1
302	0.526324060478591	1	1
303	1	6	0
304	0.999180937544584	18	1
305	0.033936978661321	2	5
306	1	2	0
307	0.526324060478591	1	1
308	0.0230186850404891	5	8
309	0.674022848654628	2	1
310	1	10	0
311	0.000914239624780427	0	6
312	0.979177736656088	14	2
313	0.674022848654628	2	1
314	1	9	0
315	0.495827422768663	3	2
316	1	23	0
317	1	0	0
318	0.604901838324812	4	2
319	0.379352156906023	10	6
320	0.651269386360745	12	5
321	0.00268384330888259	10	15
322	0.000576553209403931	1	8
323	0.000169077527752717	5	14
324	0.949723181209327	7	1
325	1.1182008013113e-05	5	17
326	0.674022848654628	2	1
327	0.125805180939752	9	8
328	0.167169791844238	10	8
329	0.997480891492309	15	1
330	2.65397961008987e-06	3	16
331	1	3	0
332	0.0564378054169503	4	6
333	0.926923429193371	6	1
334	1	20	0
335	0.998267684810351	16	1
336	0.000914239624780427	0	6
337	2.5631592992651e-06	1	13
338	1	0	0
339	0.863063612911673	17	5
340	0.999436846131056	19	1
341	0.0142247478534793	8	11
342	0.98489219840363	15	2
343	2.33196620893649e-09	10	32
344	0.979177736656088	14	2
345	0.826134944957971	13	4
346	0.167169791844238	10	8
347	0.0470743601791139	5	7
348	0.171000913786265	5	5
349	0.0921262775693285	5	6
350	0.0305240194528158	3	6
351	0.190354378204144	7	6
352	0.264581956620894	12	8
353	0.608149921200841	16	7
354	0.000665206381085983	15	21
355	0.674022848654628	2	1
356	0.936319273549522	14	3
357	0.00150434391581775	9	15
358	0.998267684810351	16	1
359	0.648035309814615	7	3
360	0.00942959871908455	0	4
361	0.191250555328763	16	11
362	3.16017327615489e-10	2	23
363	0.0305240194528158	3	6
364	1.35409771574281e-06	4	18
365	0.495827422768663	3	2
366	0.927430570371721	10	2
367	0.999237698745778	24	2
368	1	0	0
369	0.012142448940579	4	8
370	0.892146566650969	12	3
371	1	3	0
372	1	8	0
373	0.9762054627878	9	1
374	8.85468434097527e-05	0	8
375	0.369054139782647	2	2
376	1	2	0
377	1	2	0
378	0.926923429193371	6	1
379	0.000718010987107854	9	16
380	0.926923429193371	6	1
381	0.369054139782647	2	2
382	0.033936978661321	2	5
383	0.949723181209327	7	1
384	1	4	0
385	1	4	0
386	0.369054139782647	2	2
387	1.1123178381481e-10	1	22
388	0.318395233105003	13	8
389	0.927430570371721	10	2
390	1	14	0
391	0.369054139782647	2	2
392	1	11	0
393	0.604901838324812	4	2
394	0.000956901357682246	4	11
395	0.000907885424699191	3	10
396	6.24708314951936e-05	4	14
397	0.437254158773889	13	7
398	1	15	0
399	0.963214212910408	16	3
400	3.58771369241786e-06	4	17
401	0.215847579154996	4	4
402	0.033936978661321	2	5
403	0.945931321899127	18	4
404	0.568199611511831	6	3
405	0.000907885424699191	3	10
406	1	0	0
407	7.38698620142714e-05	7	17
408	1	7	0
409	0.00534480137813511	4	9
410	0.949723181209327	7	1
411	1	6	0
412	1	5	0
413	0.694989655296373	5	2
414	0.674022848654628	2	1
415	0.775679084945288	3	1
416	1	2	0
417	0.999817014299996	22	1
418	0.0921262775693285	5	6
419	0.543401052154618	8	4
420	1	6	0
421	0.999793416613731	33	3
422	0.311740412979351	0	1
423	0.000914239624780427	0	6
424	0.965411306312074	8	1
425	0.00556287653582547	3	8
426	1	3	0
427	1	4	0
428	0.526324060478591	1	1
429	1	12	0
430	0.277678591656363	3	3
431	1	2	0
432	0.381916315472	6	4
433	0.997480891492309	15	1
434	0.999940571198865	25	1
435	0.998808802891582	17	1
436	1	2	0
437	0.454275166201934	9	5
438	0.86708336395907	20	6
439	1	8	0
440	0.73640981296182	11	4
441	3.04561723855784e-08	1	17
442	0.984372974659307	19	3
443	0.996336944315045	14	1
444	0.111029991404736	7	7
445	0.694989655296373	5	2
446	1	6	0
447	0.477983125940456	5	3
448	0.00534480137813511	4	9
449	1	4	0
450	0.543401052154618	8	4
451	0.277678591656363	3	3
452	0.91687498026866	13	3
453	1	5	0
454	1	6	0
455	1	17	0
456	1	8	0
457	1	5	0
458	1	13	0
459	0.000284559647056465	0	7
460	0.00293652242013281	0	5
461	1	11	0
462	1	5	0
463	0.888899850394007	15	4
464	0.82421818038735	7	2
465	6.76003401593948e-05	1	10
466	0.543401052154618	8	4
467	0.999986743079006	29	1
468	0.979130931101101	18	3
469	0.967426569601413	20	4
470	0.381265345523994	8	5
471	0.767325165081679	6	2
472	0.648035309814615	7	3
473	0.965411306312074	8	1
474	0.674022848654628	2	1
475	0.648035309814615	7	3
476	0.437254158773889	13	7
477	0.311740412979351	0	1
478	0.230926484126516	1	2
479	0.000131607598107093	11	20
480	0.716718531656319	8	3
481	0.992255972349711	12	1
482	0.839338326393099	19	6
483	0.822199922406817	10	3
484	1	6	0
485	0.0302719061569095	0	3
486	0.000914239624780427	0	6
487	0.0266974119566351	4	7
488	0.73640981296182	11	4
489	0.369054139782647	2	2
490	0.999733818943017	21	1
491	0.477983125940456	5	3
492	0.0305240194528158	3	6
493	0.495827422768663	3	2
494	0.91687498026866	13	3
495	0.971389892107659	13	2
496	0.999180937544584	18	1
497	0.215847579154996	4	4
498	0.178894215303624	2	3
499	0.767325165081679	6	2
500	1	20	0
501	0.369054139782647	2	2
502	1	19	0
503	0.141673652670304	3	4
504	0.477983125940456	5	3
505	0.000198356922221341	1	9
506	1	2	0
507	0.983631944455211	10	1
508	1	18	0
509	1	14	0
510	1	6	0
511	1	10	0
512	0.971389892107659	13	2
513	1	1	0
514	0.971389892107659	13	2
515	0.9762054627878	9	1
516	1	2	0
517	1	15	0
518	0.989068677429422	16	2
519	0.445227831077005	11	6
520	0.495827422768663	3	2
521	0.0305240194528158	3	6
522	0.927430570371721	10	2
523	1	0	0
524	1	11	0
525	0.927430570371721	10	2
526	0.949723181209327	7	1
527	1	8	0
528	0.277678591656363	3	3
529	0.607906970677578	23	10
530	0.927430570371721	10	2
531	0.0228361207658319	9	11
532	0.860513810310667	14	4
533	0.590668928924351	11	5
534	0.00219968695861912	5	11
535	0.0108462206131435	5	9
536	1	5	0
537	1	0	0
538	4.21535233479745e-06	16	29
539	0.604901838324812	4	2
540	0.0751393145075096	6	7
541	1	5	0
542	0.258580087592558	10	7
543	0.0674997261856121	3	5
544	0.996336944315045	14	1
545	0.00293652242013281	0	5
546	1	6	0
547	0.00205192122834102	6	12
548	0.00293652242013281	0	5
549	0.807078874390009	18	6
550	0.971389892107659	13	2
551	0.928244495309463	20	5
552	0.0801098389508851	2	4
553	0.998852929565389	32	4
554	0.00227309033344871	3	9
555	0.965411306312074	8	1
556	0.0927988284703845	1	3
557	0.0120511875167503	9	12
558	0.98970074827586	28	5
559	0.971389892107659	13	2
560	0.00308475192108015	9	14
561	7.99438350211522e-08	0	14
562	0.767325165081679	6	2
563	1	14	0
564	1	4	0
565	0.103086926653527	10	9
566	0.965411306312074	8	1
567	0.901940646113693	9	2
568	1	0	0
569	1	8	0
570	0.297550154797706	5	4
571	0.845642000489444	4	1
572	1	11	0
573	0.997480891492309	15	1
574	0.826134944957971	13	4
575	0.311740412979351	0	1
576	0.949723181209327	7	1
577	1	0	0
578	0.0052973231284475	10	14
579	2.66373374203947e-06	0	11
580	1	6	0
581	4.15956240053361e-18	1	37
582	1	13	0
583	0.960824115380101	12	2
584	1	9	0
585	0.615461366212673	9	4
586	1	4	0
587	1	9	0
588	0.927430570371721	10	2
589	0.694989655296373	5	2
590	1	12	0
591	0.992255972349711	12	1
592	0.570688633654636	13	6
593	1	2	0
594	0.111029991404736	7	7
595	0.000284559647056465	0	7
596	0.868263898030534	8	2
597	1	10	0
598	0.0399578957674878	15	14
599	0.951480366197292	15	3
600	1	5	0
601	0.82421818038735	7	2
602	0.0616034263171007	7	8
603	0.0130479363968947	1	5
604	0.73640981296182	11	4
605	1	2	0
606	1	7	0
607	0.00942959871908455	0	4
608	0.972235721760885	17	3
609	0.213775511982938	11	8
610	0.0674997261856121	3	5
611	0.679935846216968	10	4
612	1	5	0
613	0.0564378054169503	4	6
614	0.000172674613960571	6	15
615	0.0108462206131435	5	9
616	0.608149921200841	16	7
617	1	5	0
618	0.0470743601791139	5	7
619	1	0	0
620	0.297550154797706	5	4
621	0.576116628553354	20	9
622	0.949723181209327	7	1
623	0.928244495309463	20	5
624	0.845642000489444	4	1
625	1	5	0
626	0.00977089894817162	17	18
627	0.203908067206109	9	7
628	0.00717907910700896	8	12
629	0.784990107640977	12	4
630	0.0302719061569095	0	3
631	0.95793268492221	19	4
632	0.590668928924351	11	5
633	0.775679084945288	3	1
634	0.997480891492309	15	1
635	1	6	0
636	0.998808802891582	17	1
637	1	9	0
638	1	15	0
639	0.983631944455211	10	1
640	0.988741160280983	11	1
641	1	15	0
642	0.379682295895908	4	3
643	0.926923429193371	6	1
644	0.983631944455211	10	1
645	0.888899850394007	15	4
646	0.648035309814615	7	3
647	0.775679084945288	3	1
648	0.0616034263171007	7	8
649	0.608149921200841	16	7
650	0.00010634856669598	2	11
651	0.999971928435898	27	1
652	0.992255972349711	12	1
653	0.0674997261856121	3	5
654	0.526324060478591	1	1
655	0.648035309814615	7	3
656	1	11	0
657	1	21	0
658	0.0927988284703845	1	3
659	0.991326510765366	21	3
660	0.926923429193371	6	1
661	0.845642000489444	4	1
662	0.998267684810351	16	1
663	1	5	0
664	0.604901838324812	4	2
665	0.927430570371721	10	2
666	0.477983125940456	5	3
667	1	6	0
668	1	2	0
669	0.00556287653582547	3	8
670	1	5	0
671	1	6	0
672	0.0674997261856121	3	5
673	0.543401052154618	8	4
674	1	4	0
675	0.945931321899127	18	4
676	0.949723181209327	7	1
677	0.454275166201934	9	5
678	0.965411306312074	8	1
679	1	6	0
680	1	11	0
681	1	15	0
682	0.0921262775693285	5	6
683	0.000786761541500102	2	9
684	0.0507146334143957	8	9
685	1	14	0
686	0.960824115380101	12	2
687	0.495827422768663	3	2
688	0.00495156936069366	5	10
689	0.230926484126516	1	2
690	0.999793416613731	33	3
691	0.526324060478591	1	1
692	0.949723181209327	7	1
693	0.893790032922371	5	1
694	0.983631944455211	10	1
695	0.00942959871908455	0	4
696	0.215847579154996	4	4
697	1	6	0
698	1	11	0
699	1	0	0
700	1	2	0
701	0.767325165081679	6	2
702	0.995917384222721	19	2
703	0.0354019039148915	1	4
704	0.997480891492309	15	1
705	0.926923429193371	6	1
706	1	0	0
707	1	4	0
708	0.0971567654801116	0	2
709	0.311740412979351	0	1
710	0.369054139782647	2	2
711	0.860999215913139	11	3
712	0.258580087592558	10	7
713	0.568199611511831	6	3
714	0.00469231949112421	1	6
715	0.999959154568802	26	1
716	0.0710499989272439	17	14
