pos	pvalue	pS	pN
1	1	0	0
2	1	7	0
3	0.0629540582300177	3	4
4	0.859886284394019	11	2
5	0.786048261113569	9	2
6	0.425201019056016	1	1
7	0.848066425232354	15	3
8	0.241794765267968	0	1
9	0.0583885114799209	0	2
10	0.810392266585368	5	1
11	0.669781434269404	3	1
12	1	6	0
13	0.226514286418957	4	3
14	0.0684990915035295	5	5
15	0.666426909965758	14	4
16	1	14	0
17	1	12	0
18	0.241794765267968	0	1
19	0.0583885114799209	0	2
20	1	0	0
21	1	3	0
22	0.0136942003550418	1	4
23	0.680002936500872	7	2
24	1	11	0
25	1	20	0
26	1	2	0
27	1	3	0
28	0.551956020556779	15	5
29	0.856352991636312	6	1
30	7.46960047409969e-10	2	18
31	0.887317334755631	12	2
32	0.669781434269404	3	1
33	0.00816126388246988	6	8
34	1	13	0
35	0.937587645355875	9	1
36	0.0645932127495211	11	8
37	0.0027938807285847	3	7
38	0.300975080301971	5	3
39	0.669781434269404	3	1
40	1	7	0
41	0.388166798522341	9	4
42	0.612512194938951	6	2
43	0.0583885114799209	0	2
44	0.810392266585368	5	1
45	0.241794765267968	0	1
46	0.786048261113569	9	2
47	1	1	0
48	1	0	0
49	0.810392266585368	5	1
50	0.147003092312233	1	2
51	0.612512194938951	6	2
52	1	5	0
53	1	3	0
54	0.204894008933406	6	4
55	1	10	0
56	0.00442269278530199	5	8
57	0.0464565010575662	6	6
58	0.971383967523032	18	2
59	1	2	0
60	1	9	0
61	0.984485716713713	14	1
62	0.156417045766554	3	3
63	0.887317334755631	12	2
64	0.534627916279706	5	2
65	1	3	0
66	0.241794765267968	0	1
67	1	4	0
68	1	0	0
69	0.0948350937700602	2	3
70	0.425201019056016	1	1
71	1	4	0
72	1	4	0
73	1	5	0
74	0.564299982427907	2	1
75	1	4	0
76	1	2	0
77	0.00346683518230238	2	6
78	0.979499900660362	13	1
79	0.446595450605206	4	2
80	1.73757413751211e-27	5	52
81	1	3	0
82	0.0948350937700602	2	3
83	0.376294599472229	6	3
84	1	13	0
85	0.0332531417735661	2	4
86	1	13	0
87	1	4	0
88	0.856352991636312	6	1
89	1	12	0
90	1	32	0
91	0.23428127293956	9	5
92	1	11	0
93	0.000815752633743599	0	5
94	0.156417045766554	3	3
95	0.0290316260344588	5	6
96	0.226514286418957	4	3
97	0.826469304715095	10	2
98	0.26403993057473	7	4
99	0.909698475913445	13	2
100	1	3	0
101	0.786048261113569	9	2
102	1	13	0
103	0.964220881876925	11	1
104	1	4	0
105	0.891187391164506	7	1
106	0.612512194938951	6	2
107	1	4	0
108	0.998051139898302	29	2
109	0.856352991636312	6	1
110	0.0461505577210491	1	3
111	0.984485716713713	14	1
112	0.749759463922008	4	1
113	0.916838836764432	27	5
114	0.786048261113569	9	2
115	0.826469304715095	10	2
116	1	4	0
117	0.909698475913445	13	2
118	0.00816126388246988	6	8
119	0.669781434269404	3	1
120	1	5	0
121	0.826469304715095	10	2
122	1	6	0
123	0.534627916279706	5	2
124	1	6	0
125	0.859886284394019	11	2
126	0.156417045766554	3	3
127	1	5	0
128	0.241794765267968	0	1
129	0.937587645355875	9	1
130	0.810392266585368	5	1
131	1	3	0
132	1	5	0
133	0.0116067510113514	5	7
134	0.952941645643088	21	3
135	1	0	0
136	1	11	0
137	0.749759463922008	4	1
138	1	17	0
139	0.226514286418957	4	3
140	0.786048261113569	9	2
141	0.810392266585368	5	1
142	0.0332531417735661	2	4
143	0.583943043105936	9	3
144	0.349869315658989	3	2
145	1	8	0
146	0.942311446407516	20	3
147	0.963817191508247	17	2
148	1	1	0
149	1	7	0
150	0.26403993057473	7	4
151	1	2	0
152	1	5	0
153	0.91410217339351	18	3
154	1	1	0
155	0.0332531417735661	2	4
156	0.937587645355875	9	1
157	0.749759463922008	4	1
158	0.612512194938951	6	2
159	1	9	0
160	0.509140242202378	11	4
161	1	12	0
162	0.583943043105936	9	3
163	0.937587645355875	9	1
164	0.891187391164506	7	1
165	0.0583885114799209	0	2
166	0.710449211907725	15	4
167	0.00672859195561848	9	10
168	0.856352991636312	6	1
169	0.388166798522341	9	4
170	0.989011011325167	22	2
171	1	8	0
172	0.887317334755631	12	2
173	1	11	0
174	0.642675916481014	10	3
175	0.749759463922008	4	1
176	1	5	0
177	0.669781434269404	3	1
178	1	9	0
179	1	0	0
180	1	11	0
181	0.942539851276186	15	2
182	1	9	0
183	1	5	0
184	0.826469304715095	10	2
185	0.999967391255845	36	1
186	1	5	0
187	0.680002936500872	7	2
188	0.583943043105936	9	3
189	0.0583885114799209	0	2
190	0.669781434269404	3	1
191	0.81663189503397	18	4
192	0.000196618375794251	5	11
193	1	2	0
194	0.612512194938951	6	2
195	0.998051139898302	29	2
196	0.0027938807285847	3	7
197	1	3	0
198	0.0116067510113514	5	7
199	0.247855626903417	2	2
200	0.0798115172018967	14	9
201	0.101388646061088	6	5
202	1	14	0
203	4.70101479590887e-05	0	7
204	0.102412963280599	4	4
205	0.147003092312233	1	2
206	0.73756567177173	8	2
207	0.519394019733454	8	3
208	0.0116067510113514	5	7
209	0.749759463922008	4	1
210	0.227160882167721	14	7
211	0.0290316260344588	5	6
212	0.00339144217800323	0	4
213	0.26403993057473	7	4
214	2.11528811352819e-05	1	9
215	0.964220881876925	11	1
216	1	0	0
217	0.856352991636312	6	1
218	0.73756567177173	8	2
219	0.0629540582300177	3	4
220	1	14	0
221	1	15	0
222	0.376294599472229	6	3
223	0.749759463922008	4	1
224	0.790757775801823	21	5
225	1	3	0
226	1	3	0
227	5.51120143042536e-09	6	21
228	1	5	0
229	0.984485716713713	14	1
230	0.0290316260344588	5	6
231	0.241794765267968	0	1
232	0.91410217339351	18	3
233	1	3	0
234	0.156417045766554	3	3
235	2.69482064295839e-06	0	9
236	0.247855626903417	2	2
237	0.856352991636312	6	1
238	1	0	0
239	0.942311446407516	20	3
240	0.91758544799746	8	1
241	0.972915431667167	12	1
242	0.26850972382091	15	7
243	1	23	0
244	0.241794765267968	0	1
245	1	13	0
246	0.300975080301971	5	3
247	0.91758544799746	8	1
248	0.00339144217800323	0	4
249	0.991118054426952	16	1
250	1	28	0
251	1	2	0
252	0.964220881876925	11	1
