pos	pvalue	pS	pN
1	1	0	0
2	0.0377451661422224	5	13
3	0.479121890526742	2	3
4	0.635720086280834	3	3
5	0.998847066155949	9	1
6	0.0462905845285816	2	8
7	1	0	0
8	0.671093790397875	2	2
9	0.965531704335246	4	1
10	0.238703474797418	0	2
11	0.295537112494639	1	3
12	1	2	0
13	0.841632334873893	5	3
14	0.0547608625434035	1	6
15	0.932240374863923	3	1
16	0.0275685321305885	0	5
17	0.295537112494639	1	3
18	0.116397486472998	0	3
19	0.0275685321305885	0	5
20	0.292856337402393	9	12
21	1	1	0
22	0.458439818607154	10	11
23	0.338490665230142	3	5
24	0.930734287093273	5	2
25	0.173147260473237	1	4
26	0.0566842777991182	0	4
27	0.596042930933814	5	5
28	0.73907430298036	1	1
29	0.000735483510947662	0	10
30	0.73907430298036	1	1
31	0.488888888888889	0	1
32	0.0547608625434035	1	6
33	0.479121890526742	2	3
34	0.356462629430568	5	7
35	0.0566842777991182	0	4
36	0.32252369477265	2	4
37	0.295537112494639	1	3
38	0.932240374863923	3	1
39	0.0566842777991182	0	4
40	0.173147260473237	1	4
41	0.488888888888889	0	1
42	1	2	0
43	0.880752542327529	4	2
44	0.938219279547637	7	3
45	0.338490665230142	3	5
46	0.866953728747411	2	1
47	0.483315451446257	1	2
48	0.141527134832562	6	11
49	0.356462629430568	5	7
50	0.73907430298036	1	1
51	1	2	0
52	0.00454161068010181	1	10
53	0.671093790397875	2	2
54	0.295537112494639	1	3
55	0.32252369477265	2	4
56	0.99955214648975	16	3
57	0.338490665230142	3	5
58	0.671093790397875	2	2
59	0.635720086280834	3	3
60	0.00123553756791874	1	12
61	0.965531704335246	4	1
62	1	1	0
63	0.999751759235006	17	3
64	0.863837699061819	11	7
65	0.488888888888889	0	1
66	1	14	0
67	0.701279138136175	6	5
68	0.932240374863923	3	1
69	1	9	0
70	1	2	0
71	0.596042930933814	5	5
72	0.671093790397875	2	2
73	0.866953728747411	2	1
74	0.4725383356841	4	5
75	0.999417768408754	10	1
76	0.231252528866976	3	6
77	0.850327489375042	8	5
78	0.488888888888889	0	1
79	0.993140043627895	9	2
80	0.799075056978631	3	2
81	0.866953728747411	2	1
82	0.238703474797418	0	2
83	0.00865830037639062	2	11
84	1	22	0
85	0.0980475872133568	3	8
86	0.349033740434386	4	6
87	0.997719753063987	8	1
88	0.479121890526742	2	3
89	0.0188052165803645	14	27
90	0.932240374863923	3	1
91	0.995495669845611	7	1
92	0.799075056978631	3	2
93	0.932240374863923	3	1
94	1	4	0
95	1	2	0
96	0.349033740434386	4	6
97	0.488888888888889	0	1
98	0.932240374863923	3	1
99	0.995495669845611	7	1
100	0.73907430298036	1	1
101	1	1	0
102	0.930734287093273	5	2
103	0.930734287093273	5	2
104	0.73907430298036	1	1
105	0.799075056978631	3	2
106	1	2	0
107	0.483315451446257	1	2
108	0.338490665230142	3	5
109	0.75579818041317	4	3
110	1	3	0
111	0.479121890526742	2	3
112	0.965531704335246	4	1
113	0.488888888888889	0	1
114	0.866953728747411	2	1
115	0.338490665230142	3	5
116	0.73907430298036	1	1
117	0.932240374863923	3	1
118	0.483315451446257	1	2
119	0.671093790397875	2	2
120	0.114837369033454	4	9
121	1	2	0
