pos	pvalue	pS	pN
1	1	0	0
2	0.506062904521829	10	3
3	0.772018483069043	11	2
4	8.3727230533595e-05	2	8
5	0.630536756799962	8	2
6	0.267290132490546	6	3
7	0.991298601263016	36	3
8	0.933955473807514	30	4
9	0.000286436158698684	26	20
10	0.997576740362084	35	2
11	0.00824606773413567	0	3
12	0.963917240348149	34	4
13	0.67685718589804	18	4
14	0.954327081849693	20	2
15	1	3	0
16	0.995572391595553	32	2
17	0.0341395859988544	5	5
18	0.059501631503772	2	3
19	1	1	0
20	0.997091588679378	42	3
21	0.794155431290815	6	1
22	0.00158495645717672	7	9
23	0.916610735372578	10	1
24	1	13	0
25	1	7	0
26	1	4	0
27	0.863749555907408	14	2
28	0.202084619077008	0	1
29	0.165710347238481	7	4
30	0.363342102795294	1	1
31	0.957664092644999	13	1
32	0.227958860429409	18	7
33	0.99306085175325	21	1
34	1	5	0
35	0.676623287458216	4	1
36	0.994947570877326	39	3
37	0.978509843601605	16	1
38	0.98909307756821	19	1
39	0.837772894508364	13	2
40	0.966227749654759	14	1
41	0.920425321491344	17	2
42	1	9	0
43	1	33	0
44	0.837772894508364	13	2
45	0.794155431290815	6	1
46	1	19	0
47	0.00824606773413567	0	3
48	0.933475144023211	11	1
49	1	0	0
50	0.0408271353587206	0	2
51	0.202084619077008	0	1
52	0.772018483069043	11	2
53	0.202084619077008	0	1
54	0.772018483069043	11	2
55	0.91169010514463	28	4
56	1	6	0
57	0.999633567888999	34	1
58	0.559819883164351	11	3
59	1	15	0
60	0.0280467398411199	9	7
61	0.00279467339472171	10	10
62	0.00340691002610415	37	21
63	4.83281828538262e-14	7	28
64	0.00026850790938086	6	10
65	0.109879437402444	11	6
66	3.72072706731823e-11	0	15
67	2.47135182561578e-14	20	39
68	1	53	0
69	0.962163747335297	21	2
70	0.208648706661689	24	9
71	1	9	0
72	0.986326210011484	18	1
73	5.47531373622046e-05	7	12
74	0.978509843601605	16	1
75	0.807384916386491	12	2
76	1.52362370973174e-05	19	20
77	1	19	0
78	1	0	0
79	0.970304432766877	29	3
80	0.0280467398411199	9	7
81	1.70219786035744e-24	2	38
82	1.78378708901629e-12	10	28
83	1	2	0
84	0.863749555907408	14	2
85	1	21	0
86	0.933475144023211	11	1
87	0.0247490570737694	16	10
88	0.962163747335297	21	2
89	0.296101524205327	20	7
90	4.55644559281577e-09	0	12
91	0.0946895712395356	19	9
92	1	7	0
93	0.31436200964571	17	6
94	0.991298601263016	36	3
95	0.986326210011484	18	1
96	0.738145646764568	29	6
97	1	11	0
98	1	0	0
99	1	0	0
100	1	14	0
101	0.996479086807124	24	1
102	0.10267377273686	8	5
103	1	14	0
104	0.999980707016977	47	1
105	1.55230570861981e-05	21	21
106	8.52161961519943e-21	3	34
107	4.24549175926232e-21	17	49
108	0.993405841959115	30	2
109	1.12863779766231e-07	21	26
110	0.67685718589804	18	4
111	0.919892222254555	23	3
112	0.248814476298703	12	5
113	0.0453667943063809	13	8
114	0.968699480355875	22	2
115	0.957664092644999	13	1
116	0.824777833993627	23	4
117	0.114206891081877	17	8
118	0.933475144023211	11	1
119	0.978509843601605	16	1
120	0.0522361793681081	19	10
121	0.772018483069043	11	2
122	2.54541906472276e-05	35	27
123	0.0341395859988544	5	5
124	1	27	0
125	1	22	0
126	0.0752750666730189	7	5
127	0.000111684138333044	8	12
128	1	15	0
129	0.618195332724895	25	6
130	1	5	0
131	0.999881865065548	39	1
132	1	14	0
133	0.997035572282095	34	2
134	0.0850598922376446	10	6
135	1	15	0
136	0.16895019522631	13	6
137	0.202535674308866	14	6
138	0.50282944282335	6	2
139	0.0537560151268994	11	7
140	1	43	0
141	0.00130035836490033	2	6
142	1	19	0
143	0.433145534506731	20	6
144	0.137179194274743	18	8
145	1	26	0
146	0.697949729571337	14	3
147	2.6322972264529e-12	3	21
148	1	24	0
149	1	7	0
150	1	19	0
151	0.389525379235748	8	3
152	0.134258444462892	9	5
153	0.31436200964571	17	6
154	1	9	0
155	2.47322513507613e-05	6	12
156	0.16895019522631	13	6
157	0.655936264715053	13	3
158	1	5	0
159	1	8	0
160	0.609863058594319	12	3
161	0.50282944282335	6	2
162	0.780007036343646	26	5
163	1	15	0
164	1	0	0
165	1	14	0
166	0.210927987521212	8	4
167	1	14	0
168	0.999814199373289	37	1
169	0.99306085175325	21	1
170	1	5	0
171	1	12	0
172	0.506062904521829	10	3
173	1	10	0
174	1	19	0
175	0.601825698857715	37	9
176	0.0108716915149491	3	5
177	0.904595567520099	16	2
178	0.807384916386491	12	2
179	0.986326210011484	18	1
180	0.895472926766264	9	1
181	0.885856199418884	15	2
182	1	13	0
183	0.999093956247241	30	1
184	5.775769137535e-07	6	15
185	0.363342102795294	1	1
186	1	18	0
187	0.697949729571337	14	3
188	0.827409063918975	18	3
189	1	8	0
190	0.997760332409326	26	1
191	0.506062904521829	10	3
192	0.807384916386491	12	2
193	0.807384916386491	12	2
194	0.00303427538772944	19	14
195	0.000620557977686417	17	15
196	1	7	0
197	0.0458213636300037	8	6
198	1	11	0
199	0.93375572643369	18	2
200	1	35	0
201	1	22	0
202	0.202084619077008	0	1
203	0.919892222254555	23	3
204	1	4	0
205	1	6	0
206	0.202084619077008	0	1
207	1	22	0
208	0.996479086807124	24	1
209	0.946929865769391	12	1
210	0.916610735372578	10	1
211	1	8	0
212	0.988087206224866	27	2
213	1	45	0
214	0.0204208612005852	4	5
215	0.772018483069043	11	2
216	0.946929865769391	12	1
217	1	23	0
218	0.99306085175325	21	1
219	1	15	0
220	0.248814476298703	12	5
221	1.15022874405926e-08	6	18
222	1	37	0
223	1	23	0
224	0.266981277545632	3	2
225	0.559819883164351	11	3
226	1	18	0
227	6.27896568738649e-08	9	19
228	1	8	0
229	0.50282944282335	6	2
230	0.794155431290815	6	1
231	0.655936264715053	13	3
232	0.994465265590429	22	1
233	1	12	0
234	1	33	0
235	0.982410796619292	25	2
236	1	13	0
237	1	16	0
238	0.998020331886195	36	2
239	1	16	0
240	0.202084619077008	0	1
241	1	13	0
242	1	19	0
243	0.202084619077008	0	1
244	1	7	0
245	0.994465265590429	22	1
246	1	15	0
247	0.772018483069043	11	2
248	1	30	0
249	8.80816553362352e-07	14	20
250	0.982857742194634	17	1
251	0.000259353641134143	28	21
252	0.559819883164351	11	3
253	0.996479086807124	24	1
254	0.83577342964331	7	1
255	8.13390025585311e-13	5	24
256	1	19	0
257	0.83577342964331	7	1
258	1	26	0
259	1	53	0
260	0.275704775477716	16	6
261	0.10267377273686	8	5
262	1	32	0
263	0.933475144023211	11	1
264	1	36	0
265	0.507992104382188	14	4
266	0.741995160956682	5	1
267	1	22	0
268	1	4	0
269	1	7	0
270	1	46	0
271	0.410212498737801	12	4
272	1	23	0
273	0.933475144023211	11	1
274	0.0246151026809891	11	8
275	1	19	0
276	0.794155431290815	6	1
277	0.991300225848543	20	1
278	0.630536756799962	8	2
279	0.986326210011484	18	1
280	1	18	0
281	0.99306085175325	21	1
282	0.988087206224866	27	2
283	0.202084619077008	0	1
284	1	19	0
285	0.772018483069043	11	2
286	0.210927987521212	8	4
287	0.974139844688184	23	2
288	0.207951229564509	11	5
289	0.630536756799962	8	2
290	0.988226838209997	41	4
291	0.832229119485335	38	7
292	3.86731047019261e-09	3	16
293	8.69309807992025e-05	34	25
294	1	0	0
295	0.00339006831213014	17	13
296	0.328484915963766	7	3
297	0.467033119026378	17	5
298	0.630536756799962	8	2
299	0.00864175993209694	25	15
300	0.550405405432611	19	5
301	0.996479086807124	24	1
302	0.999833650735151	57	3
303	0.931781520787171	24	3
304	0.933475144023211	11	1
305	1	7	0
306	1	13	0
307	1	18	0
308	1	19	0
309	0.770042658764518	16	3
310	1	4	0
311	1	11	0
312	0.946929865769391	12	1
313	1	5	0
314	0.794155431290815	6	1
315	2.7603888827782e-06	0	8
316	1	31	0
317	0.9919620038846	29	2
318	0.962163747335297	21	2
319	0.259040971869812	9	4
320	0.807384916386491	12	2
321	0.770042658764518	16	3
322	1	27	0
323	0.868979309769634	8	1
324	0.966227749654759	14	1
325	1	4	0
326	1	11	0
327	0.993937698314738	38	3
328	0.973059629237915	15	1
329	0.459873428719062	13	4
330	1	12	0
331	1	6	0
332	0.957664092644999	13	1
333	1	4	0
334	0.98909307756821	19	1
335	1	46	0
336	0.988087206224866	27	2
337	0.966227749654759	14	1
338	8.83548868406614e-11	20	32
339	0.012258168092032	7	7
340	0.0457838015135474	45	19
341	0.0153431874905478	12	9
342	0.895472926766264	9	1
343	0.893974109969392	32	5
344	0.000448934685496817	25	19
345	0.982857742194634	17	1
346	1	23	0
347	1	9	0
348	0.957664092644999	13	1
349	0.966227749654759	14	1
350	0.868979309769634	8	1
351	0.328484915963766	7	3
352	1	23	0
353	1.43678241489286e-08	13	23
354	0.000622286916599906	4	8
355	0.000100208200224994	17	17
356	9.57936571571301e-06	20	21
357	0.676623287458216	4	1
358	0.275704775477716	16	6
359	1	36	0
360	0.609863058594319	12	3
361	1	18	0
362	1	24	0
363	0.895472926766264	9	1
364	1	10	0
365	3.72072706731823e-11	0	15
366	1	35	0
367	1	35	0
368	0.259040971869812	9	4
369	0.275704775477716	16	6
370	1	7	0
371	1	6	0
372	0.98909307756821	19	1
373	0.0203466572061715	6	6
374	0.36785976169028	22	7
375	0.735941254609167	15	3
376	0.991300225848543	20	1
377	0.449057843140594	9	3
378	1	7	0
379	0.4235494045835	16	5
380	0.773930236989417	21	4
381	1	15	0
382	0.00119218074856091	28	19
383	1	27	0
384	0.510646100486941	22	6
385	0.594694885475699	3	1
386	0.837772894508364	13	2
387	0.630536756799962	8	2
388	1	25	0
389	5.82994172170961e-08	29	31
390	0.134849693204938	21	9
391	0.0537560151268994	11	7
392	0.0280467398411199	9	7
393	1	8	0
394	2.76413958018966e-07	3	13
395	0.978660479890986	24	2
396	0.410212498737801	12	4
397	0.000652551989926497	11	12
398	1.17294302826645e-06	2	11
399	0.999418196872745	42	2
400	1	27	0
401	0.98909307756821	19	1
402	5.5662318535061e-07	0	9
403	1	21	0
404	1	12	0
405	1	4	0
406	1	10	0
407	1	16	0
408	1	8	0
409	0.0850598922376446	10	6
410	0.202084619077008	0	1
411	1.01111591882664e-05	5	12
412	0.957664092644999	13	1
413	0.328484915963766	7	3
414	0.83577342964331	7	1
415	1	10	0
416	1	7	0
417	1	20	0
418	0.997760332409326	26	1
419	1	6	0
420	1	15	0
421	0.885856199418884	15	2
422	1	8	0
423	0.986326210011484	18	1
424	1	8	0
425	1	23	0
426	1	20	0
427	1	26	0
428	1	26	0
429	1	13	0
430	0.697949729571337	14	3
431	1	0	0
432	0.996479086807124	24	1
433	1	15	0
434	0.920425321491344	17	2
435	1	15	0
436	1	30	0
437	0.794155431290815	6	1
438	1	15	0
439	1	21	0
440	1	12	0
441	4.46590276383578e-06	3	11
442	0.959128794802642	39	5
443	1	7	0
444	0.803914070619369	27	5
445	1	16	0
446	0.655936264715053	13	3
447	0.509441760521007	18	5
448	0.904595567520099	16	2
449	1	0	0
450	0.93375572643369	18	2
451	1.73792331047224e-10	7	22
452	1	10	0
453	3.25877690916465e-07	11	19
454	0.931781520787171	24	3
455	1	16	0
456	1.68807993253085e-17	3	29
457	0.991298601263016	36	3
458	1	0	0
459	0.99306085175325	21	1
460	0.0408271353587206	0	2
461	3.96891546122239e-14	9	30
462	1	22	0
463	9.70739225795214e-09	14	24
464	0.962163747335297	21	2
465	0.946929865769391	12	1
466	0.99719183108377	25	1
467	0.00166504961654975	0	4
468	0.026102941926312	27	14
469	0.916610735372578	10	1
470	0.0883572170313616	5	4
471	0.000382077984545944	10	12
472	0.296101524205327	20	7
473	6.73295349756231e-28	0	39
474	1	9	0
475	0.00130035836490033	2	6
476	0.962163747335297	21	2
477	0.99306085175325	21	1
478	1.36686278728737e-05	4	11
479	1	13	0
480	3.79631589809862e-09	10	22
481	0.83577342964331	7	1
482	0.978509843601605	16	1
483	2.26146202924086e-08	0	11
484	0.968699480355875	22	2
485	0.93375572643369	18	2
486	0.794155431290815	6	1
487	1	13	0
488	0.885856199418884	15	2
489	0.957664092644999	13	1
490	0.82571221986051	28	5
491	0.202535674308866	14	6
492	0.863749555907408	14	2
493	0.915410194165282	39	6
494	0.872042094250852	20	3
495	0.275704775477716	16	6
496	1	15	0
497	4.57198809480557e-05	10	14
498	0.266981277545632	3	2
499	1	12	0
500	0.991298601263016	36	3
501	0.559819883164351	11	3
502	1	28	0
503	0.920425321491344	17	2
504	0.837772894508364	13	2
505	1	23	0
506	0.735941254609167	15	3
507	0.429033538951884	5	2
508	6.80691684426375e-07	17	22
509	0.993405841959115	30	2
510	0.772018483069043	11	2
511	0.000256586544885373	15	15
512	0.999633567888999	34	1
513	1	25	0
514	1	19	0
515	0.770042658764518	16	3
516	1	16	0
517	1	20	0
518	0.697949729571337	14	3
519	1	20	0
520	1	6	0
521	0.259040971869812	9	4
522	0.800665480679224	22	4
523	1	23	0
524	9.85174359577546e-05	15	16
525	1	18	0
526	0.000494419996114622	23	18
527	1	20	0
528	0.837772894508364	13	2
529	0.492018518888996	2	1
530	0.0458213636300037	8	6
531	1	16	0
532	0.67685718589804	18	4
533	1	40	0
534	0.951003901418256	32	4
535	0.202084619077008	0	1
536	1	0	0
537	0.202084619077008	0	1
538	1	17	0
539	0.0636799600889477	9	6
540	1	30	0
541	1	25	0
542	1	13	0
543	0.998213774315737	27	1
544	1	29	0
545	0.000158342593270871	18	17
546	1	29	0
547	0.000382077984545944	10	12
548	1	21	0
549	1	28	0
550	1	30	0
551	1	11	0
552	1	0	0
553	0.000231016468179023	21	18
554	0.13845440579552	15	7
555	0.189299677877808	20	8
556	0.359647181444478	11	4
557	1	0	0
558	1	7	0
559	2.89736670262503e-12	13	30
560	0.00059893418135629	33	22
561	1	8	0
562	0.98909307756821	19	1
563	1	11	0
564	1	0	0
565	0.824777833993627	23	4
566	0.207951229564509	11	5
567	0.0789015701985276	27	12
568	1	11	0
569	0.000157611424748396	14	15
570	2.26146202924086e-08	0	11
571	1	25	0
572	1	5	0
573	0.946929865769391	12	1
574	0.389525379235748	8	3
575	2.7603888827782e-06	0	8
576	1	8	0
577	1	3	0
578	0.895472926766264	9	1
579	0.609863058594319	12	3
580	0.957664092644999	13	1
581	1	11	0
582	0.957664092644999	13	1
583	1	21	0
584	0.0894337801423937	34	14
585	1	24	0
586	0.31436200964571	17	6
587	1	16	0
588	3.82172889674808e-09	19	28
589	0.570126388632722	7	2
590	1.00887049852653e-07	11	20
591	0.0414994947405575	18	10
592	1	4	0
593	0.594694885475699	3	1
594	1	35	0
595	1	11	0
596	0.99306085175325	21	1
597	1	15	0
598	0.00573459720650381	21	14
599	1	28	0
600	1	19	0
601	1	11	0
602	1	12	0
603	0.202084619077008	0	1
604	1	17	0
605	0.986326210011484	18	1
606	0.261404000591654	19	7
607	0.00158495645717672	7	9
608	1	32	0
609	1	20	0
610	1	1	0
611	0.906135290534325	22	3
612	1	23	0
613	3.87323407779723e-12	30	41
614	1	16	0
615	2.21254541987928e-07	1	11
616	0.105989270607891	1	2
617	0.982857742194634	17	1
618	1	9	0
619	1	27	0
620	1	23	0
621	1	3	0
622	0.379435940747782	15	5
623	0.93375572643369	18	2
624	0.999423782414427	32	1
625	0.895472926766264	9	1
626	1	28	0
627	0.978950075584623	31	3
628	0.731102240215625	10	2
629	0.0106439119948062	11	9
630	0.851180413080175	19	3
631	0.0408271353587206	0	2
632	1	15	0
633	0.863749555907408	14	2
634	1	14	0
635	1	18	0
636	0.999905803981303	40	1
637	0.0850598922376446	10	6
638	0.997996036854769	44	3
639	0.349763919965886	4	2
640	1	24	0
641	1	39	0
642	1	28	0
643	0.207645827337485	5	3
644	0.999277443804922	31	1
645	0.00167753856225039	1	5
646	1	9	0
647	0.059501631503772	2	3
648	0.429033538951884	5	2
649	0.449057843140594	9	3
650	1	27	0
651	1	18	0
652	1	17	0
653	1	12	0
654	0.98909307756821	19	1
655	6.16700271523891e-05	16	17
656	0.916610735372578	10	1
657	0.863749555907408	14	2
658	1	10	0
659	0.895472926766264	9	1
660	0.618195332724895	25	6
661	6.80691684426375e-07	17	22
662	0.827409063918975	18	3
663	0.31436200964571	17	6
664	0.710934402116063	28	6
665	0.982410796619292	25	2
666	0.676623287458216	4	1
667	6.27596619431568e-05	18	18
668	0.990210219088967	28	2
669	0.99970779633491	35	1
670	0.697949729571337	14	3
671	0.570126388632722	7	2
672	0.999220689272645	49	3
673	1	21	0
674	6.83576108263724e-08	12	21
675	1	36	0
676	1.17473589531211e-11	7	24
677	0.00255736020267413	6	8
678	0.800665480679224	22	4
679	0.207645827337485	5	3
680	0.00033715882473935	8	11
681	0.731102240215625	10	2
682	2.03189231404419e-07	5	15
683	0.0458213636300037	8	6
684	0.772815293854303	35	7
685	0.920425321491344	17	2
686	0.13845440579552	15	7
687	1	23	0
688	1	30	0
689	1	30	0
690	1	41	0
691	0.99954049122712	33	1
692	0.885856199418884	15	2
693	1	26	0
694	0.99306085175325	21	1
695	0.794155431290815	6	1
696	1	9	0
697	0.0153431874905478	12	9
698	0.98909307756821	19	1
699	0.800451677010227	17	3
700	1	13	0
701	0.248814476298703	12	5
702	2.31318540797837e-05	16	18
703	0.978509843601605	16	1
704	0.931781520787171	24	3
705	1	38	0
706	0.916610735372578	10	1
707	0.895472926766264	9	1
708	1	29	0
709	0.151589872500892	4	3
710	1	11	0
711	0.00170370619586771	9	10
712	1	14	0
713	1	26	0
714	0.00657421215045756	19	13
715	0.166175945335067	16	7
716	1	4	0
717	1.36067257525272e-06	13	19
718	0.978950075584623	31	3
719	1	18	0
720	1	11	0
721	0.999093956247241	30	1
722	0.0850598922376446	10	6
723	0.630536756799962	8	2
724	0.872042094250852	20	3
725	0.944950111961555	19	2
726	1	33	0
727	0.916610735372578	10	1
728	0.741995160956682	5	1
729	1	13	0
730	0.794155431290815	6	1
731	0.964593619882312	40	5
732	0.895472926766264	9	1
733	0.794155431290815	6	1
734	0.827409063918975	18	3
735	1	0	0
736	1	1	0
737	1	21	0
738	0.594694885475699	3	1
739	0.998213774315737	27	1
740	6.09500045693462e-14	0	19
741	0.895472926766264	9	1
742	1	17	0
743	0.202084619077008	0	1
744	1	1	0
745	1	5	0
746	1	8	0
747	0.676623287458216	4	1
748	0.202084619077008	0	1
749	1	0	0
750	1	0	0
751	1	0	0
752	1	0	0
753	0.933475144023211	11	1
754	0.00167753856225039	1	5
755	1	9	0
756	0.0408271353587206	0	2
757	1	0	0
758	1	4	0
759	0.594694885475699	3	1
