pos	pvalue	pS	pN
1	1	0	0
2	0.760375523325085	6	1
3	0.597582179927804	32	7
4	0.0138676501375262	4	5
5	1	2	0
6	0.184555555555556	0	1
7	0.184555555555556	0	1
8	1	33	0
9	0.440522915182874	10	3
10	0.840721938456212	8	1
11	1	8	0
12	1	17	0
13	1	0	0
14	1	13	0
15	1	10	0
16	0.221792692566175	6	3
17	1	29	0
18	0.148100734850306	14	6
19	0.63953538577413	4	1
20	0.440522915182874	10	3
21	0.0138676501375262	4	5
22	0.0304805535111739	8	6
23	0.294575673298543	11	4
24	0.997333187563049	28	1
25	0.942650934013909	13	1
26	0.997643366751054	39	2
27	0.840721938456212	8	1
28	1	27	0
29	0.99371940090286	42	3
30	1	19	0
31	9.46906274251866e-06	21	20
32	1	0	0
33	0.0116058787054252	8	7
34	3.13182574531219e-07	4	13
35	1	13	0
36	0.4505663617217	6	2
37	1	23	0
38	0.965972240727155	24	2
39	0.557908702170972	3	1
40	0.804633974982711	7	1
41	0.518903146495246	16	4
42	1	3	0
43	1	0	0
44	1	12	0
45	1	15	0
46	1	9	0
47	0.961893609105891	15	1
48	0.76061500984785	12	2
49	0.386548761078028	9	3
50	0.000703467329685026	5	8
51	0.986291668910262	20	1
52	8.76520535467219e-10	4	17
53	0.929648368002048	12	1
54	0.93424520067978	27	3
55	1	59	0
56	1	26	0
57	0.227206663603878	13	5
58	1	41	0
59	1	6	0
60	1	6	0
61	0.995071702350067	25	1
62	0.804633974982711	7	1
63	0.000128430895572096	3	8
64	0.630229541213828	9	2
65	0.0536788934915397	7	5
66	0.184555555555556	0	1
67	0.574602172156702	22	5
68	1	18	0
69	0.630229541213828	9	2
70	0.943353683954708	21	2
71	1	5	0
72	1	14	0
73	0.0536788934915397	7	5
74	1	15	0
75	1	27	0
76	1	16	0
77	1.27490499101088e-05	8	13
78	0.804633974982711	7	1
79	1	39	0
80	1	7	0
81	0.0743749188849987	8	5
82	1	23	0
83	1	9	0
84	0.99955389405271	48	2
85	0.000978056485258819	34	20
86	1	15	0
87	1	19	0
88	0.986291668910262	20	1
89	1	19	0
90	0.457811422223587	2	1
91	0.515930267194707	7	2
92	1	14	0
93	1	38	0
94	1	43	0
95	0.76061500984785	12	2
96	0.122442024022221	4	3
97	1	3	0
98	0.040041053005524	33	14
99	0.221792692566175	6	3
100	5.11085432247401e-09	37	35
101	1.45416787251681e-11	9	24
102	0.45161307442197	23	6
103	0.000570268944819579	17	14
104	1	0	0
105	1.41277216552589e-23	0	31
106	1	32	0
107	0.961893609105891	15	1
108	0.988827534590188	21	1
109	0.00482377602540984	18	12
110	0.913699949720541	11	1
111	0.515930267194707	7	2
112	0.823620063993677	14	2
113	0.840721938456212	8	1
114	0.0249644630935901	10	7
115	0.840721938456212	8	1
116	0.00493136027209028	1	4
117	0.961893609105891	15	1
118	1	33	0
119	0.264888341027015	14	5
120	1	0	0
121	0.906850219046726	18	2
122	1	5	0
123	1	20	0
124	0.942650934013909	13	1
125	0.840721938456212	8	1
126	0.706098112203165	5	1
127	0.0817743992049564	24	10
128	2.05434990538974e-06	2	10
129	0.964659639474075	38	4
130	0.87014701466845	9	1
131	2.01610152769086e-22	6	38
132	1	18	0
133	0.993952492287648	24	1
134	0.983180651293094	19	1
135	1	10	0
136	8.98742417260161e-13	1	18
137	1	0	0
138	1	16	0
139	0.184555555555556	0	1
140	1	19	0
141	1	2	0
142	0.722318930342463	11	2
143	1	32	0
144	1	5	0
145	1	9	0
146	8.43686958178164e-05	9	12
147	0.983180651293094	19	1
148	1	17	0
149	0.942650934013909	13	1
150	1	40	0
151	1	3	0
152	1	9	0
153	1	12	0
154	0.331396453541154	8	3
155	1	17	0
156	1	28	0
157	0.423345227922813	18	5
158	1	21	0
159	1	0	0
160	0.988827534590188	21	1
161	1	15	0
162	0.742428566741682	17	3
163	1	0	0
164	1	10	0
165	1	16	0
166	1	15	0
167	0.184555555555556	0	1
168	0.986291668910262	20	1
169	1	15	0
170	1	51	0
171	0.974682230951062	17	1
172	1	20	0
173	0.961893609105891	15	1
174	1	13	0
175	0.994159382794094	34	2
176	0.983013971391444	28	2
177	1	15	0
178	0.961893609105891	15	1
179	0.913699949720541	11	1
180	0.913699949720541	11	1
181	0.0978483351134422	12	6
182	0.4505663617217	6	2
183	0.0473411105295398	15	8
184	0.840721938456212	8	1
185	1	17	0
186	0.00289967176747768	27	16
187	1	37	0
188	1	12	0
189	3.92247684528463e-05	0	6
190	0.993952492287648	24	1
191	0.000213059657145744	0	5
192	0.906850219046726	18	2
193	0.999848622395265	42	1
194	0.0951542150456498	6	4
195	0.87014701466845	9	1
196	1	0	0
197	8.56397764655457e-28	7	47
198	1	3	0
199	1	32	0
200	1	32	0
201	0.0951542150456498	6	4
202	0.990894527800892	22	1
203	1	19	0
204	0.993009478308976	33	2
205	1	16	0
206	1	14	0
207	1	0	0
208	0.913699949720541	11	1
209	1	10	0
210	0.990006333024965	31	2
211	1	9	0
212	1	48	0
213	1	35	0
214	0.126609181114849	10	5
215	1	1	0
216	0.906850219046726	18	2
217	4.19308875819051e-17	8	32
218	1	10	0
219	0.457811422223587	2	1
220	0.599436222950819	18	4
221	1	17	0
222	0.00627684430752198	0	3
223	1	5	0
224	1	3	0
225	0.672108112458716	15	3
226	1	16	0
227	1	6	0
228	1	58	0
229	1	10	0
230	0.58860222963913	13	3
231	1	9	0
232	0.386548761078028	9	3
233	1	13	0
234	1	8	0
235	1	13	0
236	3.05241554319798e-05	15	16
237	0.913699949720541	11	1
238	0.184555555555556	0	1
239	4.85618639214529e-09	14	23
240	1	14	0
241	1	5	0
242	0.979364129680776	18	1
243	1	19	0
244	1	10	0
245	1	14	0
246	1	35	0
247	0.672108112458716	15	3
248	1	16	0
249	0.995071702350067	25	1
250	1	22	0
251	0.221792692566175	6	3
252	1	18	0
253	0.597582179927804	32	7
254	1	3	0
255	1	17	0
256	1	12	0
257	0.00135394473446071	10	10
258	1	13	0
259	0.820479618832839	31	5
260	0.122442024022221	4	3
261	1	20	0
262	1	11	0
263	0.913699949720541	11	1
264	1	30	0
265	0.00108223410061023	1	5
266	0.997333187563049	28	1
267	1	8	0
268	1	29	0
269	1	10	0
270	0.0978483351134422	12	6
271	1	19	0
272	1	14	0
273	1	8	0
274	1	13	0
275	0.943353683954708	21	2
276	1	21	0
277	1	10	0
278	0.996727309371588	27	1
279	1	5	0
280	0.0381613904168461	36	15
281	1	3	0
282	1	21	0
283	0.386548761078028	9	3
284	0.58860222963913	13	3
285	0.00346758030543164	17	12
286	0.492542453310142	11	3
287	0.066521105032145	5	4
288	1	33	0
289	0.986291668910262	20	1
290	2.38323889929099e-16	13	35
291	1	20	0
292	0.170035496721499	5	3
293	0.340086938964075	32	9
294	1	18	0
295	1	20	0
296	1	21	0
297	1	16	0
298	1	20	0
299	0.995071702350067	25	1
300	1	13	0
301	8.76520535467219e-10	4	17
302	1	11	0
303	0.983180651293094	19	1
304	1	7	0
305	0.0430636700483398	9	6
306	0.992579298807099	23	1
307	1	16	0
308	1	3	0
309	0.906850219046726	18	2
310	0.968938880173913	16	1
311	0.823620063993677	14	2
312	2.59020509237863e-05	9	13
313	0.4505663617217	6	2
314	1	11	0
315	1	22	0
316	0.0461741330845309	12	7
317	1	9	0
318	0.05463999330992	25	11
319	0.0977651543796248	32	12
320	1	11	0
321	1	24	0
322	1	10	0
323	0.00239142332516569	5	7
324	1	15	0
325	1	22	0
326	1	14	0
327	1	17	0
328	0.846651466217009	21	3
329	0.99962995865807	49	2
330	1	0	0
331	0.00115671978013465	0	4
332	1	8	0
333	1	15	0
334	0.542034148313042	12	3
335	1	9	0
336	0.804633974982711	7	1
337	0.942650934013909	13	1
338	0.760375523325085	6	1
339	1	4	0
340	1	14	0
341	1	15	0
342	0.538576909163691	21	5
343	0.761349172540746	23	4
344	0.431465460595198	14	4
345	0.953251512536377	14	1
346	0.706098112203165	5	1
347	0.840721938456212	8	1
348	0.630229541213828	9	2
349	0.999848622395265	42	1
350	2.83752499081076e-11	22	32
351	0.440522915182874	10	3
352	0.431465460595198	14	4
353	1.08295012561593e-05	28	23
354	1	25	0
355	1	52	0
356	1	28	0
357	0.00574105038619333	11	9
358	0.999848622395265	42	1
359	0.227206663603878	13	5
360	1	7	0
361	1	9	0
362	1	24	0
363	0.000570268944819579	17	14
364	1	6	0
365	0.122442024022221	4	3
366	0.913699949720541	11	1
367	1	7	0
368	0.170035496721499	5	3
369	1	21	0
370	0.386548761078028	9	3
371	3.22131615023575e-09	1	13
372	0.703666636246561	21	4
373	0.0178151059567399	17	10
374	2.12751994626637e-18	0	24
375	0.00236626721338035	9	9
376	1	37	0
377	0.0221821285291123	15	9
378	1	13	0
379	1	10	0
380	1	15	0
381	1	30	0
382	1	10	0
383	0.87014701466845	9	1
384	3.98428973325588e-05	39	26
385	0.276066325789258	7	3
386	1	0	0
387	1	16	0
388	1	4	0
389	0.999656234505882	38	1
390	1	5	0
391	0.641895066949057	24	5
392	1	4	0
393	0.979364129680776	18	1
394	1	23	0
395	0.942650934013909	13	1
396	0.703666636246561	21	4
397	0.191273794578757	12	5
398	0.122442024022221	4	3
399	0.988827534590188	21	1
400	4.66170050205383e-06	10	15
401	0.988827534590188	21	1
402	0.999656234505882	38	1
403	0.294575673298543	11	4
404	0.990894527800892	22	1
405	1	9	0
406	0.0584617074802973	10	6
407	1	5	0
408	0.933038489631819	20	2
409	1	10	0
410	1	10	0
411	0.955562654577354	49	6
412	1	17	0
413	1	14	0
414	0.979364129680776	18	1
415	1	13	0
416	0.974682230951062	17	1
417	8.06457988437576e-08	20	24
418	0.974682230951062	17	1
419	1	18	0
420	1	9	0
421	0.00135394473446071	10	10
422	0.943264976667589	28	3
423	1.54022736623184e-05	10	14
424	0.0763114713652914	14	7
425	0.311112804831132	23	7
426	0.00115671978013465	0	4
427	1	5	0
428	0.942650934013909	13	1
429	1	11	0
430	0.0767329316912284	11	6
431	0.961893609105891	15	1
432	0.0178151059567399	17	10
433	0.291545667520288	79	21
434	1	26	0
435	1	12	0
436	1	15	0
437	0.772804459968193	18	3
438	1	12	0
439	1	11	0
440	1	0	0
441	1	34	0
442	0.249784608716225	10	4
443	1	7	0
444	0.76061500984785	12	2
445	1	2	0
446	0.0115318675004748	21	12
447	7.21781096169231e-06	0	7
448	1	0	0
449	1	8	0
450	6.81915429705875e-24	5	39
451	8.87595570679959e-08	3	13
452	4.3443183870555e-05	8	12
453	1.31144990812294e-06	4	12
454	0.221792692566175	6	3
455	0.457811422223587	2	1
456	0.000219967967821723	29	20
457	1	24	0
458	1	8	0
459	0.998618554293374	82	7
460	1	37	0
461	0.0963986596864403	25	10
462	0.840721938456212	8	1
463	1	20	0
464	1	4	0
465	0.00627684430752198	0	3
466	0.952144794658135	22	2
467	1	12	0
468	1	13	0
469	0.207558939077838	16	6
470	3.1250776178914e-05	3	9
471	1	5	0
472	3.49683982164185e-16	0	21
473	0.034044029583534	0	2
474	1	2	0
475	3.92247684528463e-05	0	6
476	0.804633974982711	7	1
477	1	12	0
478	0.929648368002048	12	1
479	0.00118472121386148	4	7
480	0.000415822770370432	14	13
481	5.72177170468004e-14	0	18
482	2.45472599897924e-07	11	18
483	0.890408053816222	17	2
484	1	8	0
485	0.772804459968193	18	3
486	0.557908702170972	3	1
487	1	3	0
488	1	0	0
489	0.335067081527577	1	1
490	1	3	0
491	1	2	0
492	0.0032096530686364	2	5
493	0.122442024022221	4	3
494	0.391387265145473	38	10
495	0.232112476171138	28	9
496	0.761349172540746	23	4
497	0.0807623960170989	3	3
498	5.88506865539641e-06	14	17
