pos	pvalue	pS	pN
1	1	0	0
2	0.00149131263870301	0	4
3	0.0058090111946585	4	6
4	0.762451190068131	31	6
5	1	2	0
6	0.71546438701914	10	2
7	0.975240910691505	24	2
8	1	37	0
9	0.999625852834388	35	1
10	0.996971312922187	35	2
11	0.510393045813541	31	8
12	0.0206254367217558	16	10
13	0.388236802072225	12	4
14	0.348232110637625	26	8
15	0.613903584460753	8	2
16	0.100733251206722	1	2
17	1	17	0
18	0.354552493517873	1	1
19	1	10	0
20	0.573682615962117	16	4
21	0.860637724788075	8	1
22	1	10	0
23	1	12	0
24	1	25	0
25	1	10	0
26	1	7	0
27	0.964167516703888	22	2
28	1	10	0
29	1	7	0
30	0.196387642971864	8	4
31	0.78403366064657	6	1
32	0.195588282584699	5	3
33	1	17	0
34	1	7	0
35	1	38	0
36	1	9	0
37	1	32	0
38	0.339062837459188	11	4
39	0.989951786359924	20	1
40	1.66968432096975e-08	0	11
41	0.242223545380353	9	4
42	1	14	0
43	1	14	0
44	0.0181789637051159	4	5
45	1	16	0
46	1	4	0
47	1	20	0
48	0.553506764244401	7	2
49	1	12	0
50	0.481462114673448	2	1
51	0.753280861955234	21	4
52	1.85739654347041e-07	37	33
53	1	33	0
54	0.848208291430201	55	10
55	1	0	0
56	0.00417754713380831	45	23
57	5.82272588483871e-10	3	17
58	0.12458669619526	12	6
59	0.15332075743753	13	6
60	1	13	0
61	0.486684847634448	6	2
62	0.785307039121146	32	6
63	0.782336963816802	27	5
64	0.00885550184936135	11	9
65	0.941980196678535	12	1
66	1	24	0
67	0.793564460048614	12	2
68	1	16	0
69	0.000205951678562817	3	8
70	0.553506764244401	7	2
71	1	10	0
72	1	5	0
73	0.61492886719763	17	4
74	1	9	0
75	6.09352615100255e-06	20	21
76	1.37598235349875e-06	12	18
77	0.613903584460753	8	2
78	0.312782858763622	14	5
79	1	9	0
80	0.0128365779870568	12	9
81	1	22	0
82	1	5	0
83	0.757222134623947	11	2
84	1	5	0
85	1	3	0
86	0.312782858763622	14	5
87	1	6	0
88	1	25	0
89	1	32	0
90	0.888052629268889	9	1
91	1	22	0
92	1	0	0
93	1	25	0
94	0.000211295076969197	6	10
95	1	9	0
96	1	13	0
97	0.000186015755696949	13	14
98	1	17	0
99	0.980604487598415	17	1
100	0.927768038058951	11	1
101	1	34	0
102	0.689551413015753	19	4
103	0.860637724788075	8	1
104	0.514001929951133	27	7
105	1.3729823990872e-07	9	18
106	0.993518968087983	22	1
107	1	23	0
108	8.42443896878689e-05	8	12
109	0.910076067138967	10	1
110	0.793564460048614	12	2
111	4.24149983141418e-17	1	25
112	0.793564460048614	12	2
113	3.77206097683318e-06	23	23
114	2.12317700004411e-06	41	32
115	1	9	0
116	0.975240910691505	24	2
117	1	6	0
118	1	30	0
119	0.892755077039669	33	5
120	1	7	0
121	0.000330843031263003	5	9
122	1	32	0
123	0.964167516703888	22	2
124	0.860637724788075	8	1
125	1	23	0
126	0.994795118148161	23	1
127	1	27	0
128	1	13	0
129	0.860637724788075	8	1
130	1	11	0
131	1	0	0
132	1	5	0
133	0.999534024258838	34	1
134	0.114881670447731	6	4
135	0.849831631190539	25	4
136	1	24	0
137	1	10	0
138	0.999973169904204	47	1
139	1	13	0
140	0.255748525260855	3	2
141	0.665344614156293	4	1
142	0.852068362952596	14	2
143	1	26	0
144	0.371287586977665	8	3
145	1	6	0
146	0.989951786359924	20	1
147	0.255748525260855	3	2
148	0.927768038058951	11	1
149	0.588741328436481	25	6
150	1	12	0
151	0.076076353845001	10	6
152	0.831308286835786	49	9
153	0.995820057566572	24	1
154	0.000147680166349024	23	19
155	0.987533690205179	42	4
156	2.63692823726609e-05	8	13
157	0.0166859817483698	26	14
158	0.000682768191549648	6	9
159	0.911884558366657	17	2
160	1	14	0
161	1	15	0
162	1	28	0
163	0.994795118148161	23	1
164	0.0159160371906403	2	4
165	0.486684847634448	6	2
166	0.953396791803914	13	1
167	1	16	0
168	0.909664509083896	23	3
169	1	2	0
170	0.990354257061155	29	2
171	1.5942851570574e-25	0	35
172	4.23047815969974e-09	8	20
173	1	5	0
174	1.25596812624313e-10	0	14
175	4.83794668846479e-09	17	26
176	0.0471112711244158	11	7
177	6.11979794650267e-06	22	22
178	3.30623865296115e-05	10	14
179	6.67773191146141e-11	1	16
180	0.177051136148043	17	7
181	1.6206551058784e-05	2	9
182	0.539168182075941	11	3
183	1	5	0
184	1	22	0
185	1	13	0
186	1	3	0
187	1	14	0
188	0.826512062505445	7	1
189	0.992033176975457	30	2
190	0.75195672374307	16	3
191	0.0145505156669831	20	12
192	0.355089298749201	30	9
193	0.860637724788075	8	1
194	0.270819147888335	13	5
195	1.25596812624313e-10	0	14
196	1	14	0
197	0.195934902613333	21	8
198	0.312782858763622	14	5
199	0.0386391121968039	0	2
200	1.10261240401439e-09	15	26
201	0.793564460048614	12	2
202	0.78403366064657	6	1
203	1	17	0
204	1	6	0
205	0.336272920472452	4	2
206	1	66	0
207	1	1	0
208	1	7	0
209	0.992033176975457	30	2
210	0.953396791803914	13	1
211	5.67294574811121e-05	25	21
212	3.11056040132091e-09	18	27
213	5.91121543237603e-06	18	20
214	0.238179687583778	19	7
215	0.00957309286623348	16	11
216	3.11056040132091e-09	18	27
217	1	29	0
218	0.895050049458911	16	2
219	0.00033475458968004	1	6
220	0.184656533817216	14	6
221	0.339062837459188	11	4
222	1	39	0
223	0.860637724788075	8	1
224	1	28	0
225	1	10	0
226	1	66	0
227	1	0	0
228	0.875257592726316	15	2
229	1	10	0
230	1	2	0
231	1	12	0
232	1	29	0
233	1	8	0
234	1	21	0
235	1	12	0
236	1	23	0
237	0.0405681540452718	8	6
238	0.996643223441575	25	1
239	0.388236802072225	12	4
240	1	24	0
241	1	12	0
242	0.78403366064657	6	1
243	1	6	0
244	1	41	0
245	1	41	0
246	0.196595802857338	0	1
247	0.941980196678535	12	1
248	0.975240910691505	24	2
249	1	14	0
250	1	40	0
251	0.0554857895624074	26	12
252	0.996643223441575	25	1
253	0.722776366800973	20	4
254	1	21	0
255	0.731158952893062	5	1
256	1	15	0
257	6.50430012171479e-05	21	19
258	1	29	0
259	1	8	0
260	0.000500694852895104	13	13
261	0.00354740033243411	11	10
262	1	19	0
263	1	21	0
264	0.911884558366657	17	2
265	0.911884558366657	17	2
266	0.860637724788075	8	1
267	1	10	0
268	1	18	0
269	1	15	0
270	1	23	0
271	0.909664509083896	23	3
272	1	33	0
273	0.0819681770489936	16	8
274	1	38	0
275	1	26	0
276	1	10	0
277	1	15	0
278	0.993518968087983	22	1
279	1	25	0
280	1	9	0
281	1	9	0
282	1	33	0
283	1	6	0
284	0.583425396377206	3	1
285	1	9	0
286	1	19	0
287	1	14	0
288	1	22	0
289	1	0	0
290	0.00759204269184483	0	3
291	0.996643223441575	25	1
292	0.230199022418036	12	5
293	1	7	0
294	0.242223545380353	9	4
295	1	18	0
296	0.122528367279149	9	5
297	0.938228279072271	19	2
298	0.000825676026271306	10	11
299	1	22	0
300	1	10	0
301	0.78403366064657	6	1
302	0.12458669619526	12	6
303	1	11	0
304	1	21	0
305	0.993518968087983	22	1
306	1	9	0
307	0.984422261444624	18	1
308	1	32	0
309	1	0	0
310	0.860637724788075	8	1
311	1	9	0
312	1	18	0
313	1	6	0
314	0.782336963816802	27	5
315	1	25	0
316	1	19	0
317	3.60671318066464e-14	0	19
318	1	9	0
319	1	35	0
320	0.999487936409863	44	2
321	1	0	0
322	0.409970841183485	24	7
323	1	11	0
324	1	14	0
325	0.793564460048614	12	2
326	1	4	0
327	0.374693564677218	23	7
328	1.60888748203672e-05	18	19
329	0.825005989559151	13	2
330	1	15	0
331	0.0157587156596985	23	13
332	1	0	0
333	0.0305489162155733	5	5
334	1	7	0
335	1	10	0
336	0.253742902370014	23	8
337	0.989951786359924	20	1
338	1	9	0
339	0.753322540344356	40	8
340	1	12	0
341	1	14	0
342	0.000278903656733322	2	7
343	0.0386391121968039	0	2
344	1	6	0
345	0.826512062505445	7	1
346	0.371287586977665	8	3
347	1	9	0
348	0.196595802857338	0	1
349	1	10	0
350	0.0188669127486744	21	12
351	0.987533690205179	42	4
352	1	47	0
353	0.155458259315366	10	5
354	1	24	0
355	0.71546438701914	10	2
356	1	0	0
357	1	21	0
358	0.948407980841986	20	2
359	1	10	0
360	0.894833379576104	22	3
361	2.62665342083583e-05	19	19
362	0.0386391121968039	0	2
363	0.999935402959072	43	1
364	0.0011130012498811	17	14
365	1	40	0
366	1	7	0
367	0.860637724788075	8	1
368	7.69878274011967e-07	1	10
369	0.905447137459721	34	5
370	0.0531620776216448	4	4
371	0.927768038058951	11	1
372	2.45951472959824e-11	0	15
373	0.195934902613333	21	8
374	1.18415394680021e-10	6	21
375	4.61081313816783e-15	9	31
376	0.155458259315366	10	5
377	0.133656126903925	25	10
378	0.975240910691505	24	2
379	0.0671746696384035	24	11
380	1	13	0
381	0.826512062505445	7	1
382	1	7	0
383	2.63692823726609e-05	8	13
384	7.64111128837132e-12	4	21
385	0.583425396377206	3	1
386	0.000276274960757124	27	20
387	0.000310930060866361	25	19
388	0.0058090111946585	4	6
389	0.553506764244401	7	2
390	0.504463676426664	39	10
391	0.00226344828344232	8	9
392	5.34338752947649e-05	3	9
393	0.44511752555231	25	7
394	0.951806614786098	27	3
395	0.852068362952596	14	2
396	0.942683160925285	32	4
397	2.9993010754182e-11	3	19
398	2.79836093092835e-08	6	17
399	0.195934902613333	21	8
400	0.485796775192704	10	3
401	0.2182295074564	15	6
402	0.78403366064657	6	1
403	1	21	0
404	1	9	0
405	1	15	0
406	1	31	0
407	1	0	0
408	1	0	0
409	1	0	0
410	1	10	0
411	0.196595802857338	0	1
412	1	13	0
413	1	6	0
414	0.196595802857338	0	1
415	1	23	0
416	0.811498192612408	18	3
417	0.994577753904638	32	2
418	0.530044419518845	15	4
419	1	24	0
420	1	34	0
421	1	19	0
422	1	52	0
423	6.84613569727066e-07	4	13
424	1	34	0
425	1	14	0
426	0.888052629268889	9	1
427	1	28	0
428	0.0471166479451551	6	5
429	0.0258942328512703	1	3
430	0.0098015552493601	9	8
431	6.79552221962477e-05	2	8
432	1	12	0
433	0.158886381649146	33	12
434	1	8	0
435	0.0098015552493601	9	8
436	0.613903584460753	8	2
437	1	0	0
438	1	0	0
439	0.731158952893062	5	1
440	1	30	0
441	1	21	0
442	1	6	0
443	0.999277258328391	32	1
444	1	35	0
445	1	43	0
446	1	14	0
447	0.583425396377206	3	1
448	0.987295576794157	35	3
449	1	12	0
450	1	4	0
451	0.895050049458911	16	2
452	1	4	0
453	0.731158952893062	5	1
454	8.1905593354318e-07	3	12
455	0.161630704167004	23	9
456	0.339062837459188	11	4
457	0.00480809599414077	14	11
458	0.948407980841986	20	2
459	0.00962746969130446	3	5
460	0.757222134623947	11	2
461	0.71546438701914	10	2
462	1	21	0
463	0.988331204851545	28	2
464	5.96143047129821e-14	10	30
465	0.039163638216279	13	8
466	1	11	0
467	1	18	0
468	1	33	0
469	0.118315886056394	21	9
470	1	12	0
471	0.999919537793426	42	1
472	1	33	0
473	0.44511752555231	25	7
474	1	18	0
475	0.793564460048614	12	2
476	0.962567563392825	14	1
477	0.196595802857338	0	1
478	0.78403366064657	6	1
479	1	8	0
480	0.00885550184936135	11	9
481	1	22	0
482	1	19	0
483	0.910076067138967	10	1
484	0.00278627448025529	3	6
485	1	16	0
486	0.00135966164110308	11	11
487	1	19	0
488	1	35	0
489	1	3	0
490	0.354552493517873	1	1
491	1	8	0
492	0.969934176755507	15	1
493	1	13	0
494	1	6	0
495	1	17	0
496	1	10	0
497	1	21	0
498	1	31	0
499	0.486684847634448	6	2
500	1	24	0
501	1	3	0
502	0.781128053349698	22	4
503	0.988331204851545	28	2
504	1	6	0
505	0.731158952893062	5	1
506	0.927768038058951	11	1
507	5.74942315088057e-05	0	6
508	1	19	0
509	1	34	0
510	0.996643223441575	25	1
511	0.852068362952596	14	2
512	0.481462114673448	2	1
513	0.996643223441575	25	1
514	1	43	0
515	0.0344868193017097	10	7
516	1	16	0
517	7.93062683344513e-11	8	23
518	1	34	0
519	1	24	0
520	1	14	0
521	0.757222134623947	11	2
522	1	17	0
523	0.00759204269184483	0	3
524	1	9	0
525	1	15	0
526	1	15	0
527	3.1094916749855e-06	15	19
528	0.14931860641082	16	7
529	0.989951786359924	20	1
530	0.0553078860141514	2	3
531	0.737844187342346	30	6
532	0.196387642971864	8	4
533	0.71546438701914	10	2
534	0.0386391121968039	0	2
535	1.00678817221673e-08	2	14
536	0.941980196678535	12	1
537	1	11	0
538	1	20	0
539	1	7	0
540	1	22	0
541	1	11	0
542	0.975851463257332	16	1
543	1	9	0
544	1	11	0
545	0.969934176755507	15	1
546	0.00759204269184483	0	3
547	1	18	0
548	0.926158747028474	18	2
549	1	11	0
550	0.999099918080327	31	1
551	1	15	0
552	0.0146483950088859	10	8
553	1	11	0
554	0.927768038058951	11	1
555	0.860637724788075	8	1
556	1	17	0
557	0.910076067138967	10	1
558	1	17	0
559	0.910076067138967	10	1
560	1	56	0
561	0.969934176755507	15	1
562	1	11	0
563	0.523426644089655	19	5
564	0.997835264599309	27	1
565	0.826512062505445	7	1
566	0.00176015540681127	4	7
567	0.826512062505445	7	1
568	0.84554755931977	30	5
569	0.753322540344356	40	8
570	1	39	0
571	1.03771027434852e-06	10	17
572	1	21	0
573	0.667818250568105	9	2
574	0.899319679312791	28	4
575	1	13	0
576	0.0206254367217558	16	10
577	0.000310930060866361	25	19
578	0.00069972965856831	25	18
579	0.999758799141631	37	1
580	1	0	0
581	0.000795026866673493	23	17
582	0.667818250568105	9	2
583	1	14	0
584	3.571755082057e-06	7	14
585	1	7	0
586	2.02141484209977e-13	27	41
587	7.48512157825697e-22	11	44
588	1	23	0
589	1	27	0
590	0.997835264599309	27	1
591	0.00480809599414077	14	11
592	0.962567563392825	14	1
593	1	12	0
594	1	27	0
595	1	41	0
596	0.196387642971864	8	4
597	1	13	0
598	0.523426644089655	19	5
599	0.485796775192704	10	3
600	0.989951786359924	20	1
601	0.988331204851545	28	2
602	1	33	0
603	1	10	0
604	0.894833379576104	22	3
605	1	9	0
606	0.994795118148161	23	1
607	0.953396791803914	13	1
608	1	5	0
609	0.635569375805031	13	3
610	1	19	0
611	0.999699590054172	36	1
612	0.9988790824208	30	1
613	1	0	0
614	0.00294872337249545	15	12
615	0.993425030142306	31	2
616	1	0	0
617	0.665344614156293	4	1
618	2.81368953396947e-14	13	33
619	4.16156758709115e-18	9	36
620	1	13	0
621	0.0218045022323404	33	16
622	1	21	0
623	0.989951786359924	20	1
624	0.980604487598415	17	1
625	1	29	0
626	0.991930062813159	21	1
627	0.975851463257332	16	1
628	0.989451777760358	56	6
629	0.969934176755507	15	1
630	1	30	0
631	1	7	0
632	0.689551413015753	19	4
633	6.95810083970663e-05	15	16
634	1	21	0
635	0.836431261375117	19	3
636	0.678149139649697	14	3
637	1.22565273832394e-05	7	13
638	0.50725112064345	35	9
639	1	8	0
640	0.00181060801154971	16	13
641	1	7	0
642	4.10516723050912e-05	7	12
643	0.757222134623947	11	2
644	0.184656533817216	14	6
645	0.199601032493685	28	10
646	3.27243506606808e-09	0	12
647	0.667818250568105	9	2
648	0.2182295074564	15	6
649	1	4	0
650	1	30	0
651	1	55	0
652	0.00130293976497343	13	12
653	0.153604540449202	7	4
654	1.43597667927946e-06	25	25
655	4.34305699442329e-07	0	9
656	0.941980196678535	12	1
657	0.553506764244401	7	2
658	0.153604540449202	7	4
659	1	39	0
660	0.78403366064657	6	1
661	0.553506764244401	7	2
662	0.962567563392825	14	1
663	1	7	0
664	1	21	0
665	1	22	0
666	1	0	0
667	7.25079437222018e-10	26	33
668	0.290454958097884	17	6
669	0.339062837459188	11	4
670	0.999806341713673	38	1
671	1	16	0
672	0.991930062813159	21	1
673	1	24	0
674	0.926158747028474	18	2
675	1	27	0
676	1	11	0
677	1	9	0
678	0.969934176755507	15	1
679	1	5	0
680	0.588741328436481	25	6
681	1	10	0
682	0.388236802072225	12	4
683	0.413910706372011	5	2
684	1	18	0
685	1	5	0
686	1	16	0
687	0.61492886719763	17	4
688	0.0386391121968039	0	2
689	1	21	0
690	0.589194518230129	12	3
691	0.933766572489565	25	3
692	1	20	0
693	0.927768038058951	11	1
694	0.08224336943147	19	9
695	0.999534024258838	34	1
696	1	23	0
697	0.992033176975457	30	2
698	0.0002613119169691	8	11
699	1	11	0
700	1	28	0
701	0.987488762203369	19	1
702	1	12	0
703	1	14	0
704	1	12	0
705	1	13	0
706	0.894833379576104	22	3
707	0.539168182075941	11	3
708	1	54	0
709	0.0313947736564746	3	4
710	1	14	0
711	1	12	0
712	1	14	0
713	0.941980196678535	12	1
714	0.0386391121968039	0	2
715	8.80542191749201e-08	13	21
716	1	7	0
717	1	17	0
718	1	0	0
719	0.621885282948212	26	6
720	1	13	0
721	0.252808139499614	6	3
722	0.00962746969130446	3	5
723	0.922046006757245	41	6
724	1	8	0
725	1	5	0
726	0.613903584460753	8	2
727	0.888052629268889	9	1
728	0.0098015552493601	9	8
729	0.0512540656568621	14	8
730	0.948407980841986	20	2
731	0.999986121178519	50	1
732	0.927768038058951	11	1
733	0.339062837459188	11	4
734	0.689551413015753	19	4
735	0.0365422951439284	21	11
736	0.00127018567940745	22	16
737	0.409970841183485	24	7
738	0.482766141587886	18	5
739	0.440959362568321	17	5
740	0.290454958097884	17	6
741	0.00480809599414077	14	11
742	0.0305489162155733	5	5
743	0.00111469393124065	2	6
744	3.27243506606808e-09	0	12
745	2.71849662001971e-05	5	11
746	3.57654605306143e-06	1	9
747	1	3	0
748	0.139109153915833	22	9
749	0.196595802857338	0	1
750	0.583425396377206	3	1
751	0.00146967751870419	1	5
752	0.0145505156669831	20	12
753	1.07107927814097e-10	2	17
754	2.21408076413749e-06	0	8
755	0.196595802857338	0	1
756	2.39427500321367e-06	8	15
757	0.000186185594036304	15	15
