pos	pvalue	pS	pN
1	0.29406779941354	11	10
2	1.82382523834961e-05	19	39
3	1.32779122639968e-28	24	124
4	0.941283372727022	39	17
5	9.98790382140026e-06	28	50
6	9.89252707554409e-08	10	36
7	4.18037576100878e-07	8	31
8	0.054817585545433	33	33
9	1.00157745444943e-07	8	33
10	0.180933161085957	52	42
11	0.999930519003525	18	1
12	0.995598621692732	44	14
13	0.999999999387199	47	2
14	0.999763856006699	20	2
15	0.771348678741708	19	10
16	0.999999995745392	43	2
17	1	37	0
18	0.412820556146295	7	6
19	0.359686661363894	12	10
20	0.999996431756486	37	4
21	0.215325165073115	11	11
22	0.999999997119811	38	1
23	1	34	0
24	0.999999999987194	81	8
25	2.59050588036251e-13	8	50
26	1	18	0
27	0.119129655793456	9	11
28	0.989260427611403	8	1
29	0.994784664419988	22	5
30	0.99993060010924	68	18
31	3.31181853525206e-12	4	39
32	0.811124946527498	20	10
33	2.30257313511024e-10	20	59
34	0.11225298540023	10	12
35	1	18	0
36	1	36	0
37	0.999999836667659	30	1
38	0.760027745800826	6	3
39	1	29	0
40	0.998845505520104	20	3
41	0.999999999999997	65	1
42	0.999999996067004	48	3
43	0.936455998977015	25	10
44	0.999969669979279	32	4
45	2.9669164229866e-17	18	79
46	0.721120881937059	23	13
47	0.00190518551440684	7	17
48	3.00119044364201e-11	13	52
49	0.000344612361392031	14	28
50	9.23507370552915e-16	9	59
51	0.0536987275480603	4	8
52	0.999999551931235	28	1
53	2.52699378096209e-41	11	134
54	0.134478798634051	39	34
55	0.999929669821213	30	4
56	0.982254787667831	30	10
57	0.0149683548931193	28	33
58	0.0688612365301892	29	29
59	0.402394334457485	17	13
60	1	13	0
61	0.99999999999911	54	1
62	8.6732219744666e-13	19	66
63	0.977852211401784	27	9
64	0.967826537716456	9	2
65	0.950090391165109	13	4
66	0.999883782103522	38	7
67	0.000364086366276253	5	17
68	0.866640831103283	3	1
69	0.994784664419988	22	5
70	0.97499159818099	15	4
71	1	31	0
72	0.999999800030989	35	2
73	0.999999257904363	27	1
74	0.999997830232489	30	2
75	0.159583578794064	24	22
76	1	6	0
77	0.823378228263522	9	4
78	4.08353164554792e-06	21	44
79	0.251904283675582	35	28
80	0.537525875358261	10	7
81	0.975353085929621	33	12
82	0.734053042102301	25	14
83	7.2088558903733e-05	10	26
84	1	0	0
85	0.737340275841888	13	7
86	0.993958122607123	16	3
87	0.634933970727546	8	5
88	0.000344612361392031	14	28
89	0.986381608388874	11	2
90	0.999999999860815	44	1
91	0.000139218439516554	17	33
92	1.58604198246257e-10	10	45
93	0.843496486119937	30	15
94	1.88147816025238e-16	6	55
95	0.957432815524076	11	3
96	6.92656607921304e-06	11	31
97	1	9	0
98	0.986381608388874	11	2
99	0.999999901391375	31	1
100	0.866640831103283	3	1
101	0.568497233435033	12	8
102	0.999999898938631	41	3
103	0.974376686818345	45	18
104	0.0284425718092123	13	18
105	0.0321922204112584	7	12
106	0.0832391617446668	35	33
107	0.970801771056808	12	3
108	0.99967859407273	23	3
109	0.99999993178202	46	4
110	1	14	0
111	0.998185241903888	22	4
112	3.31181853525206e-12	4	39
113	0.999996629290037	24	1
114	0.919455329287288	20	8
115	0.999999999866293	64	5
116	1	28	0
117	0.939070788243262	19	7
118	0.999999997534693	49	3
119	0.999947535458209	34	5
120	1	13	0
121	8.49361107101559e-15	10	58
122	4.19110356951794e-09	11	42
123	1	6	0
124	1.64450346517725e-13	28	81
125	1	6	0
126	0.0487273309125787	10	14
127	0.395666486513044	0	1
128	1.09539286504275e-10	17	56
129	0.987512956257696	22	6
130	0.950097958312714	26	10
131	0.693156103145975	29	17
132	1	10	0
133	0.868437984051746	47	24
134	0.999999836667659	30	1
135	4.86136816999685e-08	8	34
136	0.999884962053142	17	1
137	3.86314028814522e-05	10	27
138	4.07520201111467e-29	15	109
139	1	10	0
140	3.06817375411538e-19	4	58
141	0.99998972889694	38	5
142	3.16677276611873e-25	23	112
143	0.996479401158332	38	11
144	3.83081334371014e-14	20	72
145	1.19190320091966e-23	26	112
146	0.583210945778026	17	11
147	0.999684681621734	15	1
148	1	17	0
149	0.991206407199673	12	2
150	0.0297967004901385	21	25
151	0.999999999998525	53	1
152	0.99906493694624	17	2
153	0.156540219605102	0	2
154	0.999999998261593	39	1
155	0.721120881937059	23	13
156	0.000722125531554747	40	52
157	5.93528242038307e-08	24	55
158	5.25577062665116e-14	21	73
159	9.06839535091778e-11	5	37
160	3.77582650617739e-29	12	103
161	0.999999033164813	40	4
162	0.271698231694799	8	8
163	0.803788128759287	18	9
164	0.999999989925277	58	6
165	0.999901362385474	52	12
166	0.997109299140417	41	12
167	0.803412733530802	39	21
168	5.3742363909578e-10	0	23
169	0.737340275841888	13	7
170	0.889068250534267	6	2
171	8.68612402944568e-06	9	28
172	0.167676954812102	19	18
173	2.03888579016268e-14	13	62
174	0.724056646967034	11	6
175	0.0920291668870474	5	8
176	0.999477985740564	14	1
177	1	34	0
178	0.925936966172392	7	2
179	0.549705024531088	18	12
180	0.156540219605102	0	2
181	1	34	0
182	0.847462808340638	39	20
183	0.774552587462176	38	21
184	0.999999978305038	34	1
185	0.999999999999882	58	1
186	1.03969947478499e-10	34	78
187	0.999999999999882	70	3
188	1.97192538344699e-07	10	35
189	0.00917869410242859	22	29
190	0.0836547056683517	15	17
191	1	7	0
192	4.53998690064126e-09	16	49
193	9.43687825774958e-15	18	71
194	0.0146188449090428	47	49
195	0.202918891966034	7	8
196	0.459912453610507	27	19
197	1.30553844691626e-05	11	30
198	4.55294615384206e-09	19	53
199	0.000998840479289539	14	26
200	0.998243417591148	19	3
201	0.00280592261953386	16	26
202	0.078945611352062	16	18
203	0.0116553574755489	13	20
204	0.999517646961384	42	10
205	0.998885678388374	29	6
206	0.999809540691419	16	1
207	1.77956030320035e-05	13	32
208	4.93276956398624e-06	17	39
209	0.402394334457485	17	13
210	0.993511596331683	9	1
211	0.999684681621734	15	1
212	0.000424663709247682	20	34
213	0.859762335917904	36	18
214	0.000266958921959206	31	46
215	0.999997709573809	45	6
216	0.460295834502573	24	17
217	0.873110550955927	49	25
218	0.999996258664331	47	7
219	4.45245280969976e-05	31	50
220	5.9906318269981e-08	16	45
221	1.16600986470336e-12	20	67
222	0.989120970059641	34	11
223	8.14042526351396e-13	13	57
224	0.999893297256035	29	4
225	4.01795203521303e-25	30	123
226	0.000167769016632537	50	65
227	0.998576491185614	31	7
228	0.999684681621734	15	1
229	4.64247842275408e-08	22	53
230	4.71968672024473e-08	1	21
231	0.583325929286292	9	6
232	0.998260011161353	25	5
233	0.568497233435033	12	8
234	1	0	0
235	0.986381608388874	11	2
236	0.000184892696031534	3	15
237	1	23	0
238	0.23535814925785	14	13
239	0.999999999952968	85	10
240	0.999990474897315	31	3
241	0.950999909128886	8	2
242	1.40059691441848e-13	2	38
243	0.695874937013084	14	8
244	0.999682995907976	38	8
245	0.987837021625122	17	4
246	2.5473914571166e-06	22	46
247	0.796181716731039	16	8
248	0.237042173020455	29	24
249	0.999999999857373	50	2
250	1	27	0
251	0.999998650909195	31	2
252	0.925278770625313	14	5
253	0.99998562385461	26	2
254	0.991206407199673	12	2
255	0.999999479786088	33	2
256	0.999851317957803	21	2
257	0.998776646683697	23	4
258	0.99906493694624	17	2
259	0.0785301835723489	9	12
260	2.68140432242826e-11	2	32
261	2.60960802444321e-10	32	74
262	2.90762065003087e-22	4	66
263	0.999999970522997	59	7
264	0.000114777715845002	9	24
265	0.866469460852485	12	5
266	0.925936966172392	7	2
267	3.44399316647104e-09	0	21
268	5.3742363909578e-10	0	23
269	0.00961799738844471	30	36
270	0.986381608388874	11	2
271	0.00710165929823612	3	10
272	0.000636310980998557	8	20
273	0.0206423724752004	21	26
274	0.460525109737554	15	11
275	0.000269578737047857	22	37
276	8.30958728086989e-05	11	27
277	0.999809540691419	16	1
278	4.18295252743924e-07	27	55
279	0.219343671370784	15	14
280	4.38750042307869e-06	16	38
281	1	13	0
282	0.529322325444248	13	9
283	0.999994403307181	28	2
284	0.824583339121469	11	5
285	0.903956993393148	11	4
286	1	24	0
287	0.982224487451513	7	1
288	0.999987037097382	34	4
289	0.0101389321897869	19	26
290	0.00376492557907309	8	17
291	6.6325561259555e-08	7	32
292	0.691796143170128	19	11
293	0.998527377542122	16	2
294	1	28	0
295	1	12	0
296	0.996377547523012	14	2
297	0.975979757328739	31	11
298	0.823378228263522	9	4
299	0.960366792270836	39	16
300	0.0664696261072873	19	21
301	0.980121823265985	13	3
302	0.999999999964277	58	3
303	1	27	0
304	0.0134298443829642	43	46
305	0.99999996406164	33	1
306	0.993958122607123	16	3
307	0.999620503017199	29	5
308	0.823378228263522	9	4
309	0.417027891273445	35	25
310	0.999333326921642	41	10
311	0.200259493933285	12	12
312	1.79879592184901e-14	16	67
313	0.999825452175209	34	6
314	1	53	0
315	0.998185241903888	22	4
316	0.999763856006699	20	2
317	0.986381608388874	11	2
318	0.970801771056808	12	3
319	0.999999999987533	55	2
320	0.395666486513044	0	1
321	0.999999992094706	36	1
322	1	17	0
323	0.0292998533512828	28	31
324	0.994229498064775	19	4
325	0.837578747720121	28	14
326	0.0168840370631611	16	22
327	0.496635886797369	11	8
328	0.557883584166021	15	10
329	0.86934076524841	18	8
330	0.999958035993031	19	1
331	0.159026466786596	4	6
332	0.991206407199673	12	2
333	1	89	3
334	0.99096340822405	15	3
335	0.999999599563557	38	3
336	1	76	1
337	0.999999741617109	43	4
338	1	10	0
339	0.970579957836857	6	1
340	1	9	0
341	0.919416957061574	4	1
342	0.999407696202917	18	2
343	0.395666486513044	0	1
344	0.99999959829073	42	4
345	1	26	0
346	0.0619284216029029	0	3
347	2.33022786472135e-15	32	93
348	0.867369809958108	16	7
349	1	14	0
350	0.0619284216029029	0	3
351	0.999999959847099	43	3
352	0.999996629290037	24	1
353	0.549505734350142	7	5
354	0.999999999977751	59	3
355	0.999625634332558	19	2
356	0.00681822483050789	18	26
357	0.999838542103501	28	4
358	0.0328261060010623	19	23
359	0.999999999966918	53	2
360	1	24	0
361	2.94110598158405e-06	24	48
362	0.999999988821773	41	2
363	1	11	0
364	0.996057282620378	20	4
365	0.999984694174596	21	1
366	0.970801771056808	12	3
367	0.976802104952934	29	10
368	0.369471072986022	15	12
369	1	13	0
370	0.999999986903794	35	1
371	1	5	0
372	0.167676954812102	19	18
373	0.941425742729139	17	6
374	0.608922889228505	35	22
375	0.000174235315774072	26	42
376	0.889068250534267	6	2
377	0.999684681621734	15	1
378	0.309865329106835	14	12
379	0.999979545502858	62	14
380	0.99998972889694	38	5
381	0.999996431756486	37	4
382	0.999791337496359	24	3
383	0.999997913311192	87	21
384	0.999993206316348	39	5
385	0.999517517782448	47	12
386	0.20231055078663	28	24
387	0.175579983751863	9	10
388	0.999990474897315	31	3
389	0.999999997377132	44	2
390	0.920428761482921	26	11
391	0.999884962053142	17	1
392	0.922106803745391	16	6
393	0.999984694174596	21	1
394	0.999999876153112	36	2
395	0.996377547523012	14	2
396	0.999684681621734	15	1
397	0.999923611500737	42	8
398	0.997686936506781	15	2
399	0.998243417591148	19	3
400	0.143155336670906	12	13
401	0.99598010363615	17	3
402	0.995360201626494	46	15
403	1	13	0
404	0.999999706736008	50	6
405	0.964525739748216	14	4
406	0.0561071403444375	22	24
407	0.999985109743541	30	3
408	0.169832933563012	23	21
409	0.935484628667132	46	21
410	0.985090575286764	19	5
411	0.344532643068646	16	13
412	0.999407696202917	18	2
413	0.430264291081095	16	12
414	0.999976763153768	29	3
415	0.998569438469806	12	1
416	0.999646507706579	48	12
417	0.957432815524076	11	3
418	6.56469586258674e-08	3	25
419	0.999809540691419	16	1
420	0.997589963007461	32	8
421	0.156540219605102	0	2
422	0.99096340822405	15	3
423	0.999135825490585	13	1
424	0.999779970008477	52	13
425	0.999999999999251	95	10
426	0.321692081005074	17	14
427	0.0274729919196008	14	19
428	0.0785301835723489	9	12
429	0.925278770625313	14	5
430	0.843496486119937	30	15
431	0.999999976401638	56	6
432	0.999999901391375	31	1
433	0.999999974726416	44	3
434	0.823378228263522	9	4
435	0.99998972889694	38	5
436	0.875280080484826	8	3
437	0.8689272620762	10	4
438	0.460295834502573	24	17
439	0.999947535458209	34	5
440	0.97499159818099	15	4
441	0.999993916953451	32	3
442	0.796181716731039	16	8
443	0.772595500954594	10	5
444	0.0619284216029029	0	3
445	0.000182504902675524	8	22
446	0.980121823265985	13	3
447	0.999999999395458	52	3
448	0.979010182449854	10	2
449	0.634933970727546	8	5
450	2.09651032700662e-10	9	43
451	0.989260427611403	8	1
452	0.925331039443354	47	22
453	0.990777055780371	39	13
454	0.979100901038721	18	5
455	0.999987912083211	47	8
456	0.999999643177434	46	5
457	1	7	0
458	0.989260427611403	8	1
459	0.996080102193206	10	1
460	1	21	0
461	0.997686936506781	15	2
462	5.58386952995558e-08	0	18
463	0.999987037097382	34	4
464	0.982224487451513	7	1
465	1	21	0
466	0.964525739748216	14	4
467	0.42153773110673	10	8
468	0.0748799624376667	10	13
469	0.446693509196521	3	3
470	0.999999978305038	34	1
471	0.99096340822405	15	3
472	0.23203031171027	10	10
473	1	6	0
474	0.83595886949316	17	8
475	0.925936966172392	7	2
476	0.000906024969959638	44	55
477	0.999684681621734	15	1
478	2.16052018558718e-05	2	16
479	0.09102899852911	42	38
480	0.938467339785245	10	3
481	1	26	0
482	0.749553631571075	15	8
483	0.570647423408239	4	3
484	0.507291837951337	28	19
485	0.997319108124706	21	4
486	1	10	0
487	0.00542697615228502	35	42
488	0.999825452175209	34	6
489	1.86799750894653e-19	14	79
490	0.998735322274177	62	20
491	0.998569438469806	12	1
492	0.999998503451316	39	4
493	0.537552972605449	24	16
494	1	13	0
495	0.99598010363615	17	3
496	0.999991854369434	51	9
497	0.318277767032102	10	9
498	0.960066366753744	31	12
499	1	67	0
500	0.999979230221601	54	11
501	0.0647428529739945	25	26
502	0.359686661363894	12	10
503	0.999999999798011	78	9
504	0.992265426673329	44	15
505	5.09861117037792e-07	11	35
506	0.992986796604452	31	9
507	0.999999997534693	49	3
508	0.951176256131257	38	16
509	0.288413448859259	15	13
510	0.999990526167917	59	12
511	0.0543783202071862	5	9
512	0.950999909128886	8	2
513	0.0117762778959139	12	19
514	0.0619284216029029	0	3
515	0.559371760970631	26	17
516	0.959905458467935	33	13
517	0.395666486513044	0	1
518	1	10	0
519	1	12	0
520	0.173229488978494	2	4
521	0.000237022476139339	0	9
522	1.45588362069692e-26	0	64
523	0.634792753420988	1	1
524	0.994229498064775	19	4
525	0.0940184165576961	13	15
526	0.999943730978853	27	3
527	0.543089867516648	21	14
528	0.376773504370162	8	7
529	2.74084657732495e-11	8	44
530	8.92238198330219e-23	10	81
531	0.936772549284738	23	9
532	0.850271023832777	23	11
533	0.999999551931235	28	1
534	0.202918891966034	7	8
535	0.321692081005074	17	14
536	9.04719661961824e-07	0	15
537	0.3457638156095	1	2
538	0.909491162324185	33	15
539	0.446693509196521	3	3
540	0.896941875349092	19	8
541	0.999999888423978	91	19
542	0.634792753420988	1	1
543	0.257533697980763	4	5
544	0.896682554228078	17	7
545	0.983341785871103	51	20
546	0.570647423408239	4	3
547	0.000716624089208722	9	21
548	0.204723043366069	16	15
549	0.174221235221926	1	3
550	0.997631913078965	11	1
