pos	pvalue	pS	pN
1	1	0	0
2	0.261433719154971	10	5
3	0.0182152273151885	8	8
4	0.0902566647786213	6	5
5	1	2	0
6	1	1	0
7	0.736189183652722	4	1
8	1	11	0
9	0.959231580588444	11	1
10	0.655593680882391	3	1
11	1	6	0
12	1	11	0
13	1	0	0
14	0.82877532823624	15	3
15	0.149200103356964	10	6
16	1.5410025503174e-05	5	13
17	0.992689094472939	31	3
18	0.504316457865811	18	6
19	0.149200103356964	10	6
20	0.767651326101198	9	2
21	1	2	0
22	7.24219208437154e-07	16	24
23	0.89767719769088	13	2
24	0.930478043551604	9	1
25	1	5	0
26	0.0852100773492579	8	6
27	0.187352397724103	11	6
28	0.797932924498699	5	1
29	0.995187307197407	19	1
30	0.976097051145975	13	1
31	0.0274877200624195	9	8
32	1	0	0
33	0.114977042773301	9	6
34	3.78927138909347e-21	3	38
35	1	14	0
36	1	22	0
37	1	13	0
38	0.201674684683057	14	7
39	0.98169846924991	14	1
40	1	8	0
41	0.659431873154397	7	2
42	1	9	0
43	0.0546758857199394	0	2
44	1	14	0
45	1	4	0
46	0.736189183652722	4	1
47	1	6	0
48	0.00505476136180495	4	7
49	1	6	0
50	6.63651520256424e-08	1	13
51	0.591602979096707	6	2
52	1	4	0
53	2.1854034129229e-16	18	46
54	0.997841732823159	22	1
55	0.991317921754362	24	2
56	0.997180201040353	21	1
57	0.983032469807901	27	3
58	1	19	0
59	1	9	0
60	0.767651326101198	9	2
61	1.45919112112707e-06	2	12
62	0.930478043551604	9	1
63	0.00950838888942982	2	5
64	1	13	0
65	0.99570850571639	27	2
66	0.0546758857199394	0	2
67	0.479621677661809	11	4
68	0.959231580588444	11	1
69	0.144694050557518	3	3
70	0.35420184989479	6	3
71	0.0902566647786213	6	5
72	0.881465202180257	7	1
73	0.93136655827158	20	3
74	1	3	0
75	0.90921936830849	8	1
76	0.989272376755761	16	1
77	0.717891291120459	8	2
78	0.82877532823624	15	3
79	1	24	0
80	0.736189183652722	4	1
81	0.796775143413991	14	3
82	0.946760715296645	10	1
83	0.968782582955479	12	1
84	0.136800597004195	5	4
85	0.0017883518248709	7	10
86	1	20	0
87	0.999566453190969	28	1
88	0.986194402131174	22	2
89	0.879953888110689	17	3
90	0.092593693803227	4	4
91	0.234799082128163	2	2
92	1	6	0
93	1	18	0
94	1	24	0
95	0.587891541063492	13	4
96	0.591602979096707	6	2
97	1	8	0
98	0.00505476136180495	4	7
99	0.670169886413985	11	3
100	1.91637205046806e-15	2	27
101	1.00652522146959e-17	13	44
102	0.0313096224153726	18	12
103	0.630813167777922	21	6
104	0.0546758857199394	0	2
105	4.74789047730339e-07	4	15
106	1	6	0
107	0.0296663506800991	2	4
108	0.917043435662467	19	3
109	0.0671922538543092	14	9
110	0.333211669801066	3	2
111	0.767651326101198	9	2
112	0.90921936830849	8	1
113	0.736189183652722	4	1
114	0.00230184255892751	3	7
115	0.736189183652722	4	1
116	0.000696624348360601	0	5
117	0.590721156088454	20	6
118	0.659431873154397	7	2
119	7.01883390339344e-12	9	29
120	0.0546758857199394	0	2
121	1	14	0
122	0.659431873154397	7	2
123	0.797932924498699	5	1
124	0.809581197086855	10	2
125	0.212614827027748	9	5
126	0.986194402131174	22	2
127	0.361774394907917	9	4
128	5.73426322315648e-06	3	12
129	0.0204935723320891	3	5
130	0.00702037835614689	3	6
131	0.717891291120459	8	2
132	1	13	0
133	0.425594201290149	7	3
134	0.479621677661809	11	4
135	1	11	0
136	0.976097051145975	13	1
137	0.0546758857199394	0	2
138	0.591602979096707	6	2
139	1	0	0
140	1	7	0
141	1	11	0
142	1	34	0
143	1	32	0
144	1	7	0
145	0.736189183652722	4	1
146	0.616870244052413	10	3
147	1	10	0
148	1	17	0
149	0.946760715296645	10	1
150	1	12	0
151	0.881465202180257	7	1
152	1	12	0
153	0.999746177407728	30	1
154	0.797932924498699	5	1
155	1	10	0
156	0.965700657089033	18	2
157	0.999433420519432	27	1
158	1	12	0
159	0.233882221602009	0	1
160	1	12	0
161	1	7	0
162	1	13	0
163	0.00298398539650635	0	4
164	1	7	0
165	1	9	0
166	1	22	0
167	0.233882221602009	0	1
168	1	7	0
169	0.930478043551604	9	1
170	1	12	0
171	1	3	0
172	0.946517943761656	16	2
173	1	4	0
174	1	8	0
175	0.0139539895632266	24	16
176	0.616870244052413	10	3
177	1	6	0
178	0.997180201040353	21	1
179	1	5	0
180	1	6	0
181	0.0402021327876994	6	6
182	0.999980120936221	49	2
183	0.873694496479033	12	2
184	0.845232424294813	6	1
185	1	11	0
186	8.82000632623537e-07	8	18
187	1	13	0
188	1	7	0
189	7.090571280332e-09	2	16
190	5.87627512341003e-10	16	31
191	1	0	0
192	0.998345842202954	31	2
193	0.995187307197407	19	1
194	0.493971133707133	8	3
195	1	4	0
196	1	0	0
197	0.0271300557919627	11	9
198	1	8	0
199	1	5	0
200	1	15	0
201	0.930478043551604	9	1
202	0.000441301720249892	5	10
203	0.845232424294813	6	1
204	0.989272376755761	16	1
205	1	9	0
206	0.881465202180257	7	1
207	0.012776023547624	0	3
208	0.99897815121263	33	2
209	0.767651326101198	9	2
210	0.797932924498699	5	1
211	0.361774394907917	9	4
212	1	15	0
213	0.996316060785029	20	1
214	0.86391188590518	25	5
215	0.413088557484079	1	1
216	0.965700657089033	18	2
217	4.77484791478929e-14	7	31
218	0.717891291120459	8	2
219	0.550395031193834	2	1
220	0.873694496479033	12	2
221	1	13	0
222	2.05974378606315e-06	0	9
223	1	7	0
224	0.933435430925499	15	2
225	0.968695538636158	24	3
226	0.959231580588444	11	1
227	1	4	0
228	1	37	0
229	1	8	0
230	1	17	0
231	1	8	0
232	0.873694496479033	12	2
233	0.136800597004195	5	4
234	0.821555951601716	19	4
235	1	19	0
236	0.548452865885118	19	6
237	0.425594201290149	7	3
238	0.0546758857199394	0	2
239	0.00298398539650635	0	4
240	1	5	0
241	1	6	0
242	0.272730936252162	13	6
243	0.89767719769088	13	2
244	1	3	0
245	0.968782582955479	12	1
246	1	22	0
247	0.0269365043597587	22	14
248	0.767651326101198	9	2
249	0.996316060785029	20	1
250	1	27	0
251	0.114977042773301	9	6
252	0.98169846924991	14	1
253	0.0373350648020168	4	5
254	1	0	0
255	1	10	0
256	0.0615679828644551	16	10
257	0.493971133707133	8	3
258	1	10	0
259	0.998345842202954	31	2
260	0.0249502868801811	5	6
261	1	21	0
262	1	14	0
263	0.873694496479033	12	2
264	1	10	0
265	0.212614827027748	9	5
266	0.993127712403818	25	2
267	1	27	0
268	1	11	0
269	0.659431873154397	7	2
270	0.212614827027748	9	5
271	1	8	0
272	0.991787343402473	17	1
273	1	9	0
274	1	6	0
275	0.985987850530452	15	1
276	1	32	0
277	0.930478043551604	9	1
278	0.759913331234491	13	3
279	1	2	0
280	0.995187307197407	19	1
281	0.514135925722011	5	2
282	1	15	0
283	0.35420184989479	6	3
284	0.90921936830849	8	1
285	0.416802167226125	13	5
286	0.809581197086855	10	2
287	4.74789047730339e-07	4	15
288	1	34	0
289	0.000250251842856707	2	8
290	0.986194402131174	22	2
291	1	4	0
292	0.210806863674913	4	3
293	0.999668264099185	29	1
294	0.797932924498699	5	1
295	0.99985142360438	32	1
296	0.917357750041792	14	2
297	0.736189183652722	4	1
298	1	22	0
299	0.999032492045178	25	1
300	1	20	0
301	0.000728746100140411	3	8
302	0.979148214982565	26	3
303	0.98169846924991	14	1
304	0.566017750327766	16	5
305	0.00128085583390802	5	9
306	1	32	0
307	0.917357750041792	14	2
308	1	4	0
309	0.959231580588444	11	1
310	0.985987850530452	15	1
311	1	7	0
312	0.946760715296645	10	1
313	2.89032322022972e-07	8	19
314	0.301878621309789	8	4
315	0.996923871640277	35	3
316	6.04548899608296e-09	0	13
317	1	8	0
318	0.00230184255892751	3	7
319	0.234799082128163	2	2
320	1	7	0
321	1	14	0
322	1	11	0
323	0.998413729458001	38	3
324	1	11	0
325	1	13	0
326	1	16	0
327	1	7	0
328	0.968782582955479	12	1
329	0.98169846924991	14	1
330	1	0	0
331	0.012776023547624	0	3
332	0.968782582955479	12	1
333	0.959231580588444	11	1
334	0.993712974691988	18	1
335	0.591602979096707	6	2
336	0.591602979096707	6	2
337	1	6	0
338	1	1	0
339	1	9	0
340	1	6	0
341	1	18	0
342	0.493971133707133	8	3
343	0.00366303578990751	10	11
344	0.0605719475520576	5	5
345	0.558001971172915	9	3
346	0.767651326101198	9	2
347	0.00336696904358452	1	5
348	0.558001971172915	9	3
349	1	17	0
350	0.63677421930274	14	4
351	0.00505476136180495	4	7
352	0.0405596292131932	8	7
353	0.00296627021585465	17	15
354	0.845232424294813	6	1
355	1	7	0
356	0.999032492045178	25	1
357	0.535345903861359	12	4
358	1	9	0
359	0.261433719154971	10	5
360	0.717891291120459	8	2
361	1	10	0
362	1	23	0
363	5.15861239388057e-05	17	20
364	0.991787343402473	17	1
365	0.167113130714001	8	5
366	0.959231580588444	11	1
367	1	7	0
368	0.056543633067658	3	4
369	0.997180201040353	21	1
370	4.82871217765047e-06	5	14
371	0.759433240529036	17	4
372	0.90921936830849	8	1
373	2.1801826679537e-21	7	44
374	0.012776023547624	0	3
375	7.5149312155098e-09	18	30
376	0.930478043551604	9	1
377	0.0128115593398251	11	10
378	1	35	0
379	0.999259598954461	26	1
380	1	8	0
381	0.99985142360438	32	1
382	0.968782582955479	12	1
383	1	12	0
384	0.917357750041792	14	2
385	0.930478043551604	9	1
386	0.233882221602009	0	1
387	0.985987850530452	15	1
388	0.845232424294813	6	1
389	0.998735777803224	24	1
390	1	8	0
391	0.999433420519432	27	1
392	1	2	0
393	0.968782582955479	12	1
394	1	19	0
395	0.493971133707133	8	3
396	0.0395730894386784	10	8
397	0.653658725355434	18	5
398	0.301878621309789	8	4
399	0.717806938602029	12	3
400	5.48120059842812e-06	28	29
401	0.0182152273151885	8	8
402	0.99661393685271	28	2
403	0.00460967942472157	7	9
404	1	14	0
405	0.998735777803224	24	1
406	0.0605719475520576	5	5
407	1	4	0
408	0.879953888110689	17	3
409	1	24	0
410	1	15	0
411	0.301878621309789	8	4
412	0.959231580588444	11	1
413	1	9	0
414	0.98169846924991	14	1
415	1	10	0
416	0.999999963912281	63	1
417	0.759433240529036	17	4
418	0.873694496479033	12	2
419	1	23	0
420	1	6	0
421	1	3	0
422	0.809581197086855	10	2
423	0.000441301720249892	5	10
424	0.99570850571639	27	2
425	2.12785765861701e-11	10	29
426	0.00298398539650635	0	4
427	1	5	0
428	1	6	0
429	1	8	0
430	0.00106237531868961	11	13
431	1	21	0
432	1.98227440783129e-05	3	11
433	0.00460967942472157	7	9
434	0.514135925722011	5	2
435	1	15	0
436	1	31	0
437	0.301878621309789	8	4
438	1	12	0
439	0.717891291120459	8	2
440	1	0	0
441	1	16	0
442	1	5	0
443	1	25	0
444	4.76736945096087e-05	12	17
445	0.012776023547624	0	3
446	0.178763581121894	16	8
447	3.79144599940522e-05	0	7
448	1	0	0
449	1	8	0
450	2.21770521943252e-20	0	31
451	0.243255714844857	7	4
452	0.0392033978382651	26	15
453	0.493971133707133	8	3
454	0.0860274316168041	15	9
455	0.767651326101198	9	2
456	1	12	0
457	1	15	0
458	0.930478043551604	9	1
459	1	19	0
460	1	6	0
461	1	15	0
462	1	12	0
463	0.943379598380461	21	3
464	1	3	0
465	1	0	0
466	0.272730936252162	13	6
467	0.986218480995262	28	3
468	1	10	0
469	0.42747047942284	4	2
470	0.13847561006457	1	2
471	1	6	0
472	0.0249502868801811	5	6
473	3.79144599940522e-05	0	7
474	1	6	0
475	0.281734765597925	5	3
476	0.234799082128163	2	2
477	0.736189183652722	4	1
478	0.986218480995262	28	3
479	0.655593680882391	3	1
480	0.0249502868801811	5	6
481	0.000696624348360601	0	5
482	4.73236488886082e-05	9	15
483	0.333211669801066	3	2
484	0.797932924498699	5	1
485	1	25	0
486	0.736189183652722	4	1
487	1	0	0
488	0.809581197086855	10	2
489	0.659431873154397	7	2
490	0.550395031193834	2	1
491	1	4	0
492	0.056543633067658	3	4
493	1	3	0
494	0.079254230350541	10	7
495	0.989044795358122	23	2
496	0.333211669801066	3	2
497	0.0871802006188087	2	3
498	7.27875909134939e-18	4	34
