pos	pvalue	pS	pN
1	1	0	0
2	1	5	0
3	0.272806687001655	11	5
4	0.715575326181418	4	1
5	0.970453506277496	13	1
6	0.993477196738803	19	1
7	0.820612359684038	11	2
8	0.542595120879576	13	4
9	1	3	0
10	1	44	0
11	1	25	0
12	0.00054140138144489	0	5
13	0.117982691318497	15	8
14	1	30	0
15	0.900342894429116	14	2
16	0.399316807721759	4	2
17	1	6	0
18	0.77882702987335	5	1
19	0.945957541751555	17	2
20	1.3437785710543e-20	6	40
21	1	0	0
22	0.213683924002895	7	4
23	1	34	0
24	0.163257970183775	6	4
25	0.999884329695973	35	1
26	1	26	0
27	0.35269347704189	19	7
28	0.00840952631576957	15	12
29	0.215924213514919	2	2
30	0.591791940142101	14	4
31	1	14	0
32	0.997618440211765	23	1
33	1	4	0
34	0.828016307063179	6	1
35	0.91914711050491	9	1
36	1	17	0
37	1	9	0
38	0.0365916100785678	1	3
39	1	10	0
40	0.99605844981115	21	1
41	1	11	0
42	0.990228199274299	25	2
43	1	18	0
44	0.837337189279713	34	7
45	1	15	0
46	0.483691366734368	5	2
47	1	0	0
48	1	10	0
49	0.89601540147824	8	1
50	1	7	0
51	0.945957541751555	17	2
52	1	18	0
53	1	7	0
54	1	15	0
55	0.68783002023821	8	2
56	0.820612359684038	11	2
57	0.10793223853261	12	7
58	0.996773045967781	30	2
59	0.724800437436511	13	3
60	0.267614646656961	8	4
61	2.10067743867315e-07	2	13
62	6.49558640348128e-06	18	22
63	0.00797521255040002	17	13
64	0.89601540147824	8	1
65	3.19809961721509e-06	2	11
66	0.565497935429106	28	8
67	0.050700798549432	14	9
68	1	11	0
69	1	9	0
70	0.000289152890334569	13	15
71	1	38	0
72	1	26	0
73	0.958003955983743	24	3
74	1	5	0
75	1	17	0
76	1	5	0
77	1	11	0
78	0.529663125863312	2	1
79	0.999851151428664	34	1
80	1	29	0
81	1	20	0
82	1	11	0
83	0.519241520338368	9	3
84	0.778456363488071	23	5
85	0.0134417908793044	8	8
86	1.31288522894957e-06	0	9
87	0.999324415505168	28	1
88	1	0	0
89	1	10	0
90	4.02750080314637e-05	18	20
91	0.603565609825254	18	5
92	0.483691366734368	5	2
93	0.99605844981115	21	1
94	0.986116044126344	16	1
95	0.91914711050491	9	1
96	1	7	0
97	0.312645700390149	18	7
98	0.937134481346687	10	1
99	0.774153813482348	27	6
100	1.71208420081436e-11	11	29
101	2.20488075132494e-08	23	31
102	0.322087493886675	6	3
103	1	48	0
104	0.157628195427228	25	11
105	0.236997351450615	19	8
106	1	16	0
107	1	21	0
108	0.951121272520304	11	1
109	1	24	0
110	0.866268742885373	7	1
111	1	7	0
112	1	7	0
113	0.997618440211765	23	1
114	0.937474348730134	32	5
115	0.267614646656961	8	4
116	0.933578658748205	16	2
117	1	10	0
118	0.923181511937831	40	7
119	0.951121272520304	11	1
120	0.631910725873486	11	3
121	0.996936138919797	22	1
122	0.996936138919797	22	1
123	1	9	0
124	1	32	0
125	1	16	0
126	0.00581089551948781	10	10
127	0.0644875710169555	20	11
128	0.91914711050491	9	1
129	3.19809961721509e-06	2	11
130	1	14	0
131	1	16	0
132	0.317272262588817	15	6
133	0.68086917241071	12	3
134	0.933578658748205	16	2
135	0.0127168894340102	6	7
136	0.560522169441299	17	5
137	0.98214114089386	15	1
138	0.99605844981115	21	1
139	0.77882702987335	5	1
140	0.798254932581463	15	3
141	0.235784367554687	16	7
142	1.60873238989351e-08	6	19
143	0.213683924002895	7	4
144	0.456334801918015	8	3
145	0.958003955983743	24	3
146	1	9	0
147	1	17	0
148	1	20	0
149	1	17	0
150	1	8	0
151	0.43607693972459	11	4
152	1	37	0
153	0.939317972370374	22	3
154	1	7	0
155	2.91145719517576e-07	0	10
156	1	20	0
157	0.783279778436897	10	2
158	0.109565514507344	20	10
159	0.977028750489814	14	1
160	0.519241520338368	9	3
161	0.77882702987335	5	1
162	0.99605844981115	21	1
163	0.994959400886407	28	2
164	0.999682856805932	31	1
165	0.976749289420911	21	2
166	0.977028750489814	14	1
167	0.994929445399531	20	1
168	1	33	0
169	1	21	0
170	1	35	0
171	0.805101576137038	24	5
172	0.99605844981115	21	1
173	1	8	0
174	0.998561143279002	25	1
175	1	32	0
176	1	18	0
177	1	16	0
178	0.529663125863312	2	1
179	1	13	0
180	1	10	0
181	1	12	0
182	0.0109764692651529	0	3
183	1	10	0
184	0.193236293384251	12	6
185	0.839302967627204	21	4
186	0.716911619983357	21	5
187	0.814118939544105	20	4
188	1	0	0
189	1	11	0
190	0.0750125510003138	6	5
191	0.222299168975069	0	1
192	0.77882702987335	5	1
193	0.949460846167455	23	3
194	1	22	0
195	1	7	0
196	0.222299168975069	0	1
197	0.828016307063179	6	1
198	0.77882702987335	5	1
199	0.918542689174123	15	2
200	1	0	0
201	0.050700798549432	14	9
202	1	5	0
203	0.77882702987335	5	1
204	0.0279308693683878	12	9
205	1	0	0
206	0.00881644109469982	9	9
207	1	17	0
208	0.000869001826134218	5	9
209	0.492825967802475	19	6
210	0.640118066423364	34	9
211	1.43062401625576e-08	0	12
212	0.0362776255093038	20	12
213	0.00537931621062355	3	6
214	0.399316807721759	4	2
215	0.828358153219727	16	3
216	1.7476335659695e-11	16	33
217	1	2	0
218	1	24	0
219	0.77882702987335	5	1
220	1	12	0
221	0.866268742885373	7	1
222	0.380096719159445	10	4
223	1	0	0
224	0.715575326181418	4	1
225	4.6289880464568e-05	2	9
226	1.19028248783956e-05	3	11
227	0.235784367554687	16	7
228	0.43607693972459	11	4
229	1	1	0
230	0.529663125863312	2	1
231	0.00756287104627023	2	5
232	1	0	0
233	1	10	0
234	0.77882702987335	5	1
235	0.254017698014003	5	3
236	0.951121272520304	11	1
237	4.31302524470697e-08	12	23
238	0.877124554238189	18	3
239	0.937134481346687	10	1
240	0.997618440211765	23	1
241	3.73056927041779e-13	0	19
242	1	3	0
243	0.900342894429116	14	2
244	1	6	0
245	0.970453506277496	13	1
246	1	1	0
247	0.878400087305041	13	2
248	0.628295474142438	7	2
249	1	0	0
250	0.798254932581463	15	3
251	0.560249256307824	6	2
252	7.21977782575768e-05	9	14
253	1	17	0
254	0.117878106268661	5	4
255	1	19	0
256	9.2474888125853e-16	8	34
257	0.254017698014003	5	3
258	0.57795058157762	10	3
259	0.0215551264223482	18	12
260	0.91914711050491	9	1
261	0.913125793745999	25	4
262	1.35767678432453e-07	18	26
263	0.00881644109469982	9	9
264	1	5	0
265	0.937134481346687	10	1
266	0.00874363184733938	13	11
267	0.321192375661713	12	5
268	0.182164475494396	9	5
269	7.21977782575768e-05	9	14
270	0.419673891570049	24	8
271	0.998689912072859	34	2
272	2.24501894451718e-10	10	26
273	1	26	0
274	0.13103120188372	21	10
275	0.172893289588499	17	8
276	0.900342894429116	14	2
277	6.4499559784714e-15	15	39
278	1	17	0
279	1	32	0
280	0.854520550899575	17	3
281	0.937134481346687	10	1
282	1	13	0
283	1	28	0
284	0.997421266709881	31	2
285	0.0109764692651529	0	3
286	1	4	0
287	0.918542689174123	15	2
288	0.999324415505168	28	1
289	1	9	0
290	0.998356976576029	33	2
291	0.226151112605293	10	5
292	0.519241520338368	9	3
293	1	9	0
294	0.971183268128084	26	3
295	0.96199701525666	12	1
296	0.235784367554687	16	7
297	0.986934822062946	36	4
298	1	11	0
299	1	23	0
300	1	12	0
301	1	32	0
302	0.996773045967781	30	2
303	1	11	0
304	1	28	0
305	4.24525101993294e-05	3	10
306	1	6	0
307	0.999958908611284	49	2
308	0.00106486348246361	12	13
309	0.716911619983357	21	5
310	1	18	0
311	1.18283107799371e-23	0	35
312	0.00169954518243392	13	13
313	0.0789849304839586	4	4
314	1	11	0
315	0.519241520338368	9	3
316	1	23	0
317	1	0	0
318	0.68783002023821	8	2
319	1	13	0
320	1	20	0
321	3.31457565624276e-13	13	34
322	0.0318786522280823	6	6
323	0.013132924686843	12	10
324	0.456334801918015	8	3
325	0.00547688045548381	8	9
326	1	31	0
327	0.0257979062516242	14	10
328	0.0215551264223482	18	12
329	1	14	0
330	0.0100248394442933	1	4
331	0.68783002023821	8	2
332	1.89030802059693e-07	6	17
333	1	7	0
334	1	26	0
335	0.997940867165297	32	2
336	0.995747638811077	42	4
337	0.739273402087142	9	2
338	1	0	0
339	0.971220352755533	20	2
340	1	9	0
341	0.000640804315374582	11	13
342	0.946818709699006	28	4
343	0.0127168894340102	6	7
344	1	9	0
345	1	32	0
346	0.0945802938336045	14	8
347	0.013132924686843	12	10
348	5.13309381803275e-07	7	17
349	0.896550931211513	19	3
350	4.88385702328899e-09	5	19
351	0.0792642091400109	21	11
352	0.203944592335423	18	8
353	0.0228295390564426	23	14
354	2.51769301926e-08	17	27
355	1	6	0
356	0.0918505971213844	30	14
357	0.135223081867136	24	11
358	0.254017698014003	5	3
359	0.000200970423515011	9	13
360	0.0109764692651529	0	3
361	0.822171330315484	29	6
362	0.182164475494396	9	5
363	1	36	0
364	0.000787150118673432	21	18
365	0.57795058157762	10	3
366	0.999808460718589	33	1
367	0.983847098527175	29	3
368	0.222299168975069	0	1
369	0.575345313325454	21	6
370	0.529663125863312	2	1
371	1	4	0
372	0.999130768952379	27	1
373	1	10	0
374	0.00054140138144489	0	5
375	1	9	0
376	0.866268742885373	7	1
377	0.999338399849192	37	2
378	0.998561143279002	25	1
379	0.271706189127998	20	8
380	0.542595120879576	13	4
381	1	6	0
382	0.000137857632867064	10	14
383	0.00256169384075932	18	15
384	0.96199701525666	12	1
385	0.00142812526297604	9	11
386	0.00174462987498579	6	9
387	1.60873238989351e-08	6	19
388	7.61167833086631e-08	10	21
389	1	12	0
390	0.814118939544105	20	4
391	0.0581949963500721	17	10
392	0.96199701525666	12	1
393	0.828016307063179	6	1
394	1.90176008898094e-09	11	25
395	0.188380410190237	4	3
396	0.000526465185439957	18	17
397	0.000292167146292512	8	12
398	0.977028750489814	14	1
399	1.6247270798386e-05	7	14
400	2.85777306462843e-06	27	28
401	1	31	0
402	0.977028750489814	14	1
403	0.000249365084215478	11	14
404	0.000624189999192624	2	7
405	0.763844433841569	14	3
406	1	0	0
407	1.75389747793741e-08	5	18
408	1	18	0
409	2.66838773082085e-11	5	23
410	1	17	0
411	0.828016307063179	6	1
412	1	7	0
413	0.900342894429116	14	2
414	0.918542689174123	15	2
415	0.877124554238189	18	3
416	0.949460846167455	23	3
417	0.987841218289813	24	2
418	0.68783002023821	8	2
419	0.0835705158840428	11	7
420	0.878400087305041	13	2
421	2.2651762483189e-13	30	47
422	1	0	0
423	2.38600985106386e-07	3	14
424	1	24	0
425	0.999753531496433	32	1
426	1	8	0
427	0.951121272520304	11	1
428	0.89601540147824	8	1
429	1	20	0
430	0.994929445399531	20	1
431	0.913125793745999	25	4
432	5.82543405743993e-10	22	34
433	0.994929445399531	20	1
434	1	11	0
435	0.828016307063179	6	1
436	1	20	0
437	0.000711653574184065	13	14
438	0.00832323769081092	7	8
439	1	8	0
440	1	17	0
441	1.68635764512302e-12	0	18
442	1	23	0
443	1	24	0
444	0.390157289759347	7	3
445	0.951121272520304	11	1
446	1	5	0
447	0.322087493886675	6	3
448	0.0257979062516242	14	10
449	1	20	0
450	1	16	0
451	0.763844433841569	14	3
452	0.0564928764457487	12	8
453	1	12	0
454	1	14	0
455	0.987841218289813	24	2
456	1	14	0
457	1	23	0
458	1	26	0
459	0.0247796119888465	2	4
460	0.000120191023330541	0	6
461	0.878400087305041	13	2
462	1	35	0
463	0.902191158499893	29	5
464	0.783279778436897	10	2
465	0.551284973314923	24	7
466	1	18	0
467	1	12	0
468	1	17	0
469	0.997940867165297	32	2
470	1	13	0
471	1	3	0
472	1	5	0
473	1	19	0
474	1	3	0
475	0.560249256307824	6	2
476	0.00537931621062355	3	6
477	0.222299168975069	0	1
478	0.997618440211765	23	1
479	0.519241520338368	9	3
480	0.99605844981115	21	1
481	1	11	0
482	0.997618440211765	23	1
483	0.994929445399531	20	1
484	1	12	0
485	1	0	0
486	4.27651514840484e-05	1	8
487	0.323544649540859	9	4
488	0.669152202666516	35	9
489	0.91914711050491	9	1
490	0.986116044126344	16	1
491	0.473764499051576	22	7
492	0.272806687001655	11	5
493	0.996773045967781	30	2
494	0.878400087305041	13	2
495	0.898225901662004	24	4
496	0.99959192521724	30	1
497	0.226151112605293	10	5
498	0.89601540147824	8	1
499	0.98214114089386	15	1
500	0.999324415505168	28	1
501	1	8	0
502	1	34	0
503	1	4	0
504	0.317272262588817	15	6
505	0.0247796119888465	2	4
506	0.998148838471726	24	1
507	1	16	0
508	0.964432223524258	19	2
509	1	27	0
510	1	22	0
511	1	23	0
512	1	21	0
513	1	3	0
514	1	5	0
515	1	12	0
516	0.999474933250643	29	1
517	1	16	0
518	0.951121272520304	11	1
519	0.989107659423216	31	3
520	0.529663125863312	2	1
521	0.390157289759347	7	3
522	1	9	0
523	0.00243808899401456	0	4
524	1	26	0
525	1	11	0
526	1	22	0
527	0.820612359684038	11	2
528	1	9	0
529	0.998356976576029	33	2
530	1	33	0
531	0.235784367554687	16	7
532	0.23260739562347	13	6
533	0.993477196738803	19	1
534	0.0134417908793044	8	8
535	0.407106955665597	27	9
536	1	6	0
537	0.222299168975069	0	1
538	0.321192375661713	12	5
539	0.0453284551714446	9	7
540	0.321192375661713	12	5
541	0.77882702987335	5	1
542	0.947257574438451	38	6
543	0.00122261030689002	4	8
544	0.99605844981115	21	1
545	2.91145719517576e-07	0	10
546	1	21	0
547	0.433680764955783	21	7
548	2.91145719517576e-07	0	10
549	0.850698991876286	26	5
550	0.0453983023236498	16	10
551	0.157628195427228	25	11
552	1.22568097515492e-05	2	10
553	0.749085780587425	22	5
554	1.78783611265319e-08	4	17
555	0.986725624465237	30	3
556	0.900342894429116	14	2
557	8.66671326055502e-06	9	16
558	0.783279778436897	10	2
559	0.997618440211765	23	1
560	0.997616173370329	45	4
561	7.02215952179104e-10	0	14
562	1	19	0
563	1	17	0
564	1	11	0
565	0.0418075627722138	11	8
566	0.999990721772883	45	1
567	0.918542689174123	15	2
568	1	33	0
569	1	24	0
570	0.560249256307824	6	2
571	1	6	0
572	1	18	0
573	6.99138351449715e-05	21	21
574	1	5	0
575	0.222299168975069	0	1
576	1	12	0
577	1	0	0
578	1	21	0
579	0.00243808899401456	0	4
580	1	24	0
581	0.0109764692651529	0	3
582	1	22	0
583	0.986116044126344	16	1
584	0.964432223524258	19	2
585	0.998561143279002	25	1
586	0.468103847084608	15	5
587	0.989206478560352	17	1
588	0.57795058157762	10	3
589	0.820612359684038	11	2
590	0.991609197271952	18	1
591	1	17	0
592	0.997421266709881	31	2
593	1	15	0
594	0.933578658748205	16	2
595	1.68635764512302e-12	0	18
596	0.00054411593326964	9	12
597	0.937134481346687	10	1
598	0.0183976575286801	27	16
599	0.877124554238189	18	3
600	1	17	0
601	1	26	0
602	0.00223950924887226	24	18
603	0.0206191320123162	7	7
604	0.981243209204522	22	2
605	0.00547688045548381	8	9
606	0.866268742885373	7	1
607	0.00054140138144489	0	5
608	1	10	0
609	0.89601540147824	8	1
610	0.468103847084608	15	5
611	0.91914711050491	9	1
612	1	2	0
613	0.805101576137038	24	5
614	0.000160650680577505	29	24
615	0.274168983785223	14	6
616	0.029885927385101	10	8
617	0.105822478694765	7	5
618	2.67094445508573e-10	9	25
619	1	0	0
620	1	18	0
621	0.141772140168189	8	5
622	1	18	0
623	0.992697073129923	33	3
624	0.987841218289813	24	2
625	1	8	0
626	0.000531988320176557	22	19
627	0.0406993311561643	23	13
628	0.785780354161215	19	4
629	1	14	0
630	0.739273402087142	9	2
631	0.307703314940435	21	8
632	0.0205217112560338	9	8
633	0.96199701525666	12	1
634	1	35	0
635	1	14	0
636	0.0109884326807097	18	13
637	0.937134481346687	10	1
638	0.999474933250643	29	1
639	0.53486571503065	20	6
640	0.999130768952379	27	1
641	1	20	0
642	0.749085780587425	22	5
643	0.933578658748205	16	2
644	1	19	0
645	0.754090833407135	18	4
646	1	6	0
647	1	14	0
648	0.0313139465110852	17	11
649	0.896550931211513	19	3
650	1	6	0
651	0.628295474142438	7	2
652	1	19	0
653	0.105822478694765	7	5
654	1	8	0
655	0.999130768952379	27	1
656	1	12	0
657	1	35	0
658	0.715575326181418	4	1
659	0.98214114089386	15	1
660	0.999682856805932	31	1
661	1	20	0
662	0.91914711050491	9	1
663	1	15	0
664	0.483691366734368	5	2
665	0.302641143162544	24	9
666	1	19	0
667	0.951121272520304	11	1
668	0.000137857632867064	10	14
669	0.0750125510003138	6	5
670	1	7	0
671	0.820612359684038	11	2
672	0.89601540147824	8	1
673	0.0418075627722138	11	8
674	0.866268742885373	7	1
675	0.159742129266576	28	12
676	1	30	0
677	0.852062631985797	12	2
678	1	6	0
679	1	40	0
680	0.997618440211765	23	1
681	1	5	0
682	0.456334801918015	8	3
683	0.272806687001655	11	5
684	3.14166276118961e-06	12	19
685	0.98214114089386	15	1
686	0.98214114089386	15	1
687	1	5	0
688	2.38600985106386e-07	3	14
689	1	3	0
690	1	6	0
691	0.222299168975069	0	1
692	1	6	0
693	1	8	0
694	1	8	0
695	0.634242763312776	3	1
696	0.77882702987335	5	1
697	0.77882702987335	5	1
698	0.634242763312776	3	1
699	1	0	0
700	0.126257911796743	1	2
701	1	1	0
702	1	18	0
703	0.529663125863312	2	1
704	1	40	0
705	1	12	0
706	1	0	0
707	0.77882702987335	5	1
708	1	0	0
709	1	0	0
710	1	1	0
711	0.973232938229496	32	4
712	5.55043280476293e-08	6	18
713	0.0365916100785678	1	3
714	0.0764417660299798	2	3
715	1	21	0
716	4.52420957945554e-14	8	31
