pos	pvalue	pS	pN
1	1	0	0
2	0.0376278496538673	3	13
3	0.401696044010146	3	6
4	0.119558119292779	2	8
5	0.999996686782435	14	1
6	0.0350741625345108	2	11
7	1	0	0
8	0.77182677003075	4	4
9	0.965023132348228	3	1
10	0.321617607042817	0	2
11	0.5672	0	1
12	0.941966780997133	4	2
13	1	5	0
14	0.996798599260519	8	2
15	0.86879806487859	4	3
16	1	0	0
17	0.999667318665537	13	3
18	0.854866689943462	10	9
19	1	3	0
20	0.989177036706863	8	3
21	0.999936830748945	19	5
22	0.0757776287546566	1	7
23	0.223719037561526	3	8
24	0.0534531813577568	2	10
25	0.0757776287546566	1	7
26	0.624588238805002	2	3
27	0.998866566578442	13	4
28	0.856714466151266	11	10
29	0.984893804756166	4	1
30	0.506407440690232	6	9
31	1	7	0
32	0.9987868842121	7	1
33	0.781159561151886	2	2
34	1	5	0
35	0.984893804756166	4	1
36	0.999999150141873	21	3
37	0.600232699773265	1	2
38	0.999998668728848	18	2
39	0.971234267444551	5	2
40	1	7	0
41	0.91043991866522	7	5
42	1	11	0
43	0.999958279980273	11	1
44	0.917061231567495	6	4
45	0.952332387937236	7	4
46	0.859925891834727	5	4
47	0.86879806487859	4	3
48	0.223719037561526	3	8
49	0.971234267444551	5	2
50	0.926980841787295	5	3
51	0.989809621044382	11	5
52	0.690567476949064	6	7
53	0.642095636969141	13	16
54	0.778192212877768	6	6
55	0.000127685187733544	2	23
56	0.624588238805002	2	3
57	0.77182677003075	4	4
58	1	2	0
59	0.0106210622998729	0	8
60	0.00373409747836092	2	16
61	1	12	0
62	0.250366771234596	2	6
63	0.979128496133329	7	3
64	0.666210001289281	10	12
65	0.250366771234596	2	6
66	0.778192212877768	6	6
67	0.00600950956774511	0	9
68	0.999922554074185	15	3
69	1	10	0
70	0.442763321567862	4	7
71	0.0801632337770645	3	11
72	0.0801632337770645	3	11
73	0.676886291413728	5	6
74	0.635657199678335	8	10
75	0.0548801067250482	4	14
76	0.00935658837523973	2	14
77	0.859925891834727	5	4
78	0.114716577435243	3	10
79	0.00192211604590689	0	11
80	0.401696044010146	3	6
81	0.0181700032464635	1	10
82	0.772687766155161	3	3
83	0.941966780997133	4	2
84	0.999958788160334	29	11
85	0.223719037561526	3	8
86	0.999958279980273	11	1
87	0.999930701634862	13	2
88	0.627395337307059	12	15
89	0.812782392957183	1	1
90	0.00675685945869475	1	12
91	0.517254632350427	3	5
92	0.506407440690232	6	9
93	3.47548480446707e-11	0	42
94	0.267190256778555	4	9
95	0.9840696495769	14	8
96	0.0534531813577568	2	10
97	0.690567476949064	6	7
98	0.282450904787735	1	4
99	0.885540442716476	3	2
100	0.996798599260519	8	2
101	0.0146574498649824	2	13
102	0.0331455304307095	0	6
103	0.0146574498649824	2	13
104	0.00600950956774511	0	9
105	0.999999401897631	19	2
106	0.0331455304307095	0	6
107	0.926980841787295	5	3
108	0.0738525237816296	5	15
109	0.350449719153033	2	5
110	1	9	0
111	9.81847005739684e-08	1	33
112	0.000524891263105903	1	17
113	0.999998175799275	20	3
114	0.0533176648112507	5	16
115	0.174702134846821	2	7
116	0.989809621044382	11	5
117	0.703054792863087	7	8
118	0.978884228538175	11	6
119	0.999774791647973	9	1
120	0.999982057708558	12	1
121	0.999992287772597	13	1
122	0.997306736071741	20	10
123	3.83424577154603e-11	6	66
124	0.0585266089346216	0	5
125	0.148658357488853	4	11
126	0.926980841787295	5	3
127	0.108140115293147	4	12
128	0.0331455304307095	0	6
129	0.218766879589822	8	16
130	0.994361867921968	12	5
131	0.347894001295129	4	8
132	0.992096349601119	10	4
133	0.30337150447292	3	7
134	0.86879806487859	4	3
135	0.119424914374641	1	6
136	0.793466160677855	9	9
137	0.999774791647973	9	1
138	1	12	0
139	0.852874710358354	8	7
140	1	9	0
141	0.99929543417665	10	2
142	0.952332387937236	7	4
143	0.989230334866583	16	9
144	0.999477172409228	8	1
145	0.00108654772060707	0	12
146	0.993264578635081	7	2
147	0.999930701634862	13	2
148	0.859925891834727	5	4
149	0.9987868842121	7	1
150	0.114716577435243	3	10
151	0.788123566941889	8	8
152	0.974106622091177	13	8
153	0.782958748860563	7	7
154	0.386152833134712	5	9
155	0.148658357488853	4	11
156	0.00192211604590689	0	11
157	0.00246056023349115	1	14
158	1	0	0
159	0.419305838394642	1	3
160	0.103311468105244	0	4
161	0.600232699773265	1	2
162	0.20109993658069	4	10
163	0.94150755106731	9	6
164	0.0534531813577568	2	10
165	0.476488711454842	2	4
166	0.0757776287546566	1	7
167	0.119424914374641	1	6
168	0.984893804756166	4	1
169	0.5672	0	1
170	0.0331455304307095	0	6
171	0.0111133676242049	1	11
172	0.0187656331067209	0	7
173	0.0106210622998729	0	8
174	0.174702134846821	2	7
175	0.919057239549142	2	1
176	0.103311468105244	0	4
177	0.859925891834727	5	4
178	1.13238702391858e-07	0	28
179	0.985334493955383	9	4
180	0.114716577435243	3	10
181	0.350449719153033	2	5
182	0.676886291413728	5	6
183	0.997186699851876	6	1
184	0.419305838394642	1	3
185	0.0295023253729245	1	9
186	0.999982057708558	12	1
187	0.182310060677594	0	3
188	0.321617607042817	0	2
189	0.00192211604590689	0	11
190	0.624588238805002	2	3
191	0.86879806487859	4	3
192	0.00600950956774511	0	9
193	0.926980841787295	5	3
194	0.517254632350427	3	5
195	0.600232699773265	1	2
196	0.476488711454842	2	4
197	0.103311468105244	0	4
198	0.0331455304307095	0	6
199	1	0	0
200	0.282450904787735	1	4
201	0.772687766155161	3	3
202	0.000881469731467569	1	16
203	0.103311468105244	0	4
204	0.103311468105244	0	4
205	7.5838741996583e-06	1	25
206	0.0111133676242049	1	11
207	0.00600950956774511	0	9
208	0.5672	0	1
209	0.0350741625345108	2	11
210	0.00600950956774511	0	9
211	0.0331455304307095	0	6
212	0.0757776287546566	1	7
213	0.282450904787735	1	4
214	0.999983874844101	21	5
215	0.00339919670050295	0	10
216	0.885540442716476	3	2
217	0.679631836684597	11	13
218	0.600232699773265	1	2
219	0.103311468105244	0	4
