pos	pvalue	pS	pN
1	0.0673030594671893	3	7
2	0.983474099192598	15	4
3	0.999468284547101	17	2
4	0.994966996612498	18	4
5	0.000269183674277473	4	17
6	1	11	0
7	0.718397851402856	18	11
8	0.605736785872777	7	5
9	0.997835122753121	39	12
10	0.406684175687993	5	5
11	0.986534667534843	13	3
12	0.856774947999894	7	3
13	0.962144512523017	15	5
14	0.410693270768585	9	8
15	0.988806495859993	16	4
16	0.583431823843975	20	14
17	0.976110798102248	9	2
18	1	16	0
19	0.0910375670831621	30	31
20	0.999999712878344	32	2
21	0.107402588436156	10	13
22	0.0717338788146541	11	15
23	0.510452354449532	6	5
24	0.989809520972314	21	6
25	0.439310562755156	8	7
26	0.986948192755668	18	5
27	0.997722264622323	14	2
28	0.993816646145569	20	5
29	0.969219420931285	11	3
30	0.18951300232321	24	23
31	0.856916784590489	38	21
32	0.480358181104271	21	16
33	0.999999491125807	35	3
34	0.656307800617827	6	4
35	1.39521202673493e-18	5	62
36	0.628934412529767	40	27
37	0.893014335012605	21	10
38	0.395722575994964	33	26
39	0.0304188009804811	30	35
40	0.927844385277989	11	4
41	0.999999988638142	33	1
42	1	6	0
43	0.0464238339218016	14	19
44	0.999999827727005	33	2
45	7.8065992950111e-11	9	47
46	0.999938880311777	37	7
47	1.1622758406252e-08	17	52
48	2.13269471026892e-13	5	47
49	0.80661226184889	8	4
50	1	26	0
51	0.605736785872777	7	5
52	1	20	0
53	0.838219848726062	14	7
54	0.000927725625343569	6	18
55	0.999999155315447	25	1
56	0.011487808940565	8	16
57	0.863317341551175	11	5
58	1	15	0
59	0.999749170011288	28	5
60	0.0298438035928039	0	4
61	0.998378489331089	26	6
62	0.999999712878344	32	2
63	0.999999506991669	26	1
64	0.997788893521815	20	4
65	0.969219420931285	11	3
66	0.944617695222841	31	14
67	0.976766350639808	6	1
68	0.387732621090376	14	12
69	4.79381624487041e-05	9	27
70	0.162545593640307	16	17
71	0.0977266547974726	13	16
72	0.224785226096097	15	15
73	8.5746016064227e-06	12	34
74	1.45376035019442e-05	24	48
75	0.80661226184889	8	4
76	1	0	0
77	0.969219420931285	11	3
78	0.909132045178054	6	2
79	0.856774947999894	7	3
80	0.975785992972938	14	4
81	0.992072679293424	8	1
82	0.0295205602217451	7	13
83	3.45475725560246e-06	20	46
84	7.89577037837973e-20	6	68
85	0.0260867613078049	5	11
86	1.12009524019995e-13	6	50
87	0.118273174865716	6	9
88	0.999751986885376	22	3
89	0.999856600355276	40	9
90	1	14	0
91	0.999134028316151	16	2
92	1	10	0
93	0.999955089620274	22	2
94	0.0141764476025834	15	23
95	0.796634803785274	6	3
96	0.480358181104271	21	16
97	2.24966068259801e-11	5	41
98	0.0601964388011471	2	6
99	0.999955679976479	29	4
100	0.999999521866213	31	2
101	0.9999907755537	29	3
102	0.994396913027432	25	7
103	0.865300701787919	20	10
104	0.962144512523017	15	5
105	0.999619764724235	27	5
106	0.718397851402856	18	11
107	0.995369765249993	9	1
108	0.789050826417965	26	15
109	0.997295661964767	10	1
110	0.669296709371015	14	9
111	0.173723949841651	7	9
112	1.97255427676767e-05	6	24
113	0.958529372820598	50	24
114	0.000205847816418457	2	14
115	0.999999962960944	36	2
116	9.03371726957157e-12	4	40
117	0.993816646145569	20	5
118	0.847837491355922	16	8
119	0.770302017285152	38	23
120	3.72788251804869e-06	11	34
121	4.22330385631273e-10	11	48
122	0.999999999984279	51	2
123	1	0	0
124	0.901388841027812	14	6
125	2.04633698662112e-08	9	39
126	0.47211486911005	7	6
127	0.0356219983993205	34	38
128	0.00548388284828358	36	46
129	1.56904481663356e-07	6	31
130	0.266149978695079	6	7
131	0.999995752792665	22	1
132	0.351514207404099	20	17
133	0.99999772782462	45	7
134	0.27655954450158	11	11
135	0.992072679293424	8	1
136	1	34	0
137	0.000234694675100304	16	33
138	0.00295030968976695	22	34
139	2.8840428505528e-06	8	30
140	0.84282980915904	21	11
141	4.35267285816328e-11	4	38
142	0.0717338788146541	11	15
143	7.52473024306421e-05	15	34
144	0.999892744967168	16	1
145	0.689643315289123	3	2
146	0.00103238092422739	4	15
147	0.777098429988878	16	9
148	0.996292850353077	16	3
149	0.000135404932618571	4	18
150	0.415689105456295	0	1
151	0.99992949199154	31	5
152	0.0212018895107634	13	20
153	0.362677829398317	11	10
154	0.247992256641077	23	21
155	0.0917967195325775	68	62
156	2.06425397984957e-07	14	43
157	0.85686015212245	18	9
158	0.999996357559955	27	2
159	0.644428057068879	9	6
160	0.856916784590489	38	21
161	0.478001092058081	14	11
162	1.83529295542951e-09	13	49
163	3.37725062412925e-13	12	60
164	0.954266497949526	30	13
165	0.997788893521815	20	4
166	0.06152683227091	17	21
167	0.80661226184889	8	4
168	0.930706212163271	30	14
169	0.461334046637753	11	9
170	0.0678455466814326	31	33
171	0.00377565608654633	4	13
172	0.00588500861174359	14	24
173	0.031359416565863	29	34
174	1	57	0
175	0.999997132775158	35	4
176	0.998917245514256	32	8
177	0.415689105456295	0	1
178	0.997613971734209	17	3
179	0.544197970767731	15	11
180	0.999999506991669	26	1
181	0.999961660486248	26	3
182	0.323523714893222	13	12
183	9.35938286590716e-10	19	59
184	0.712679114476979	21	13
185	2.95067834941407e-16	10	66
186	6.9487511480944e-12	14	59
187	0.173648695079861	26	25
188	0.35175994879893	7	7
189	0.99842057021323	11	1
190	6.82966548735479e-05	19	39
191	1.4815585395346e-05	15	37
192	0.997295661964767	10	1
193	0.999998654869321	33	3
194	0.0130111885387457	4	11
195	0.011487808940565	8	16
196	0.0305739264294159	8	14
197	2.43769691246785e-12	7	48
198	0.556458350645893	5	4
199	0.0883043578237909	16	19
200	0.510452354449532	6	5
201	0.983474099192598	15	4
202	0.313206793717157	35	29
203	1.23374742390176e-19	5	65
204	0.796634803785274	6	3
205	1.10107320789743e-18	7	67
206	0.604298291378734	10	7
207	0.215312774166857	10	11
208	0.524578577009849	9	7
209	0.314173487301368	39	32
210	0.0295205602217451	7	13
211	0.961304462032806	38	17
212	0.999999962960944	36	2
213	0.996323814986388	13	2
214	0.44253864443564	4	4
215	2.24566274905428e-14	11	62
216	5.33971633830275e-11	2	33
217	0.999468284547101	17	2
218	0.926656437948513	15	6
219	0.439310562755156	8	7
220	0.950827811630992	26	11
221	0.614841630460338	25	17
222	1.4016679559525e-68	9	211
223	2.84782627881076e-19	15	85
224	0.342181874719261	12	11
225	0.988907738694175	23	7
226	1	16	0
227	0.000153473278613961	0	10
228	0.0212654846161677	14	21
229	0.999972750727657	23	2
230	0.0320060694935684	12	18
231	0.415689105456295	0	1
232	0.01496876305366	5	12
233	0.987263580641276	33	12
234	2.40466442659248e-13	9	55
235	0.0480020218216286	47	48
236	0.999999999933625	53	3
237	0.986948192755668	18	5
238	0.00961220128533946	6	14
239	0.909132045178054	6	2
240	0.406684175687993	5	5
241	0.27655954450158	11	11
242	0.999999521866213	31	2
243	0.969219420931285	11	3
244	0.605736785872777	7	5
245	0.410693270768585	9	8
246	0.999685437732604	14	1
247	0.997295661964767	10	1
248	0.999891787997883	27	4
249	0.146586232905856	30	29
250	0.036348048619781	24	29
251	0.999999990081807	43	3
252	0.99098652746401	19	5
253	0.439310562755156	8	7
254	0.992072679293424	8	1
255	0.999987537185745	20	1
256	4.12103387880458e-09	10	43
257	1.46121993809904e-12	0	31
258	0.000503473059713499	9	23
259	0.00567875313911071	13	23
260	1.82512257120307e-08	6	34
261	5.33046916652113e-13	8	52
262	0.0212654846161677	14	21
263	0.0317386191855123	10	16
264	0.716337745104297	10	6
265	0.874996514910365	15	7
266	0.0095370420002407	17	26
267	0.224785226096097	15	15
268	0.0751447943288779	6	10
269	0.0212422776986421	15	22
270	0.0319627571221367	11	17
271	0.000255259826620792	17	34
272	0.000213858480659572	37	56
273	0.00723814510644431	38	47
274	5.99204553961011e-08	10	39
275	0.85877305207085	9	4
276	0.961078038644814	25	10
277	0.000724031395917738	5	17
278	0.204140488412344	17	17
279	1	15	0
280	0.999999998648517	47	3
281	0.962398905684301	8	2
282	0.535114362905004	22	16
283	1.0728490919428e-06	28	58
284	0.992470486455862	17	4
285	0.491471322374162	17	13
286	3.52413116756939e-12	0	30
287	0.991188363005447	14	3
288	0.899095327860352	12	5
289	0.998707001685861	24	5
290	0.998453615017634	31	8
291	0.999892744967168	16	1
292	0.99842057021323	11	1
293	0.154565735721981	34	32
294	0.992705696433808	37	13
295	6.42860225596772e-07	6	29
296	0.136438596024534	13	15
297	0.873187843658761	22	11
298	0.429462231221121	16	13
299	0.969219420931285	11	3
300	0.77745017440915	11	6
301	0.999999999998811	50	1
302	0.000664787420960056	11	25
303	0.898388873913599	10	4
304	0.491471322374162	17	13
305	1	22	0
306	0.116109131788603	7	10
307	0.999999521866213	31	2
308	0.00961220128533946	6	14
309	0.226462263396874	9	10
310	0.0945285940256803	14	17
311	0.0464697581070705	6	11
312	0.999751986885376	22	3
313	0.716337745104297	10	6
314	0.984546254666508	22	7
315	0.614841630460338	25	17
316	0.97160252086397	18	6
317	0.999999896718634	34	2
318	0.999999902001064	29	1
319	0.999938623713183	25	3
320	0.992072679293424	8	1
321	3.51981708953483e-09	32	74
322	0.999999998997368	43	2
323	0.970804836746262	28	11
324	0.290698929358603	15	14
325	0.759733497463977	9	5
326	0.516907070785266	16	12
327	0.926427423618839	13	5
328	0.999892744967168	16	1
329	0.999999832074108	28	1
330	0.970155076120225	24	9
331	0.999901981635819	24	3
332	1	20	0
333	0.962398905684301	8	2
334	0.999999204487135	30	2
335	1	70	1
336	1	24	0
337	0.960227304891489	5	1
338	0.93191773307445	4	1
339	0.99098652746401	19	5
340	0.999999999999984	58	1
341	0.0718117874203565	0	3
342	1	0	0
343	1	82	1
344	0.0718117874203565	0	3
345	0.60943660624019	19	13
346	0.160420533219934	9	11
347	1	10	0
348	1	0	0
349	0.999999984051463	46	4
350	1	4	0
351	0.887163316458759	19	9
352	0.999856600355276	40	9
353	0.999685437732604	14	1
354	0.44253864443564	4	4
355	0.510452354449532	6	5
356	0.687116277458085	22	14
357	0.998074538301289	28	7
358	1	53	0
359	0.909132045178054	6	2
360	0.999998677678796	29	2
361	0.282162361174147	5	6
362	0.962398905684301	8	2
363	1	43	0
364	0.999999996132314	35	1
365	0.992705696433808	37	13
366	0.999892008875009	30	5
367	0.93191773307445	4	1
368	0.999461329549523	13	1
369	1	31	0
370	0.00893695979657942	13	22
371	0.97323453582755	16	5
372	0.0945285940256803	14	17
373	0.9984712192806	18	3
374	1.63655040845429e-23	27	120
375	0.999963435959032	18	1
376	0.999378955596034	23	4
377	0.996323814986388	13	2
378	0.759733497463977	9	5
379	0.726748734046284	15	9
380	0.997613971734209	17	3
381	0.949353399853594	12	4
382	0.954266497949526	30	13
383	0.434443066812265	12	10
384	0.0977266547974726	13	16
385	0.999961660486248	26	3
386	0.172782819732736	0	2
387	0.999999506991669	26	1
388	0.262641228143946	17	16
389	0.999997804192369	28	2
390	0.856774947999894	7	3
391	0.605736785872777	7	5
392	0.898388873913599	10	4
393	0.662266376005702	23	15
394	0.931936307656231	21	9
395	0.994089063634151	12	2
396	0.999831662507066	26	4
397	0.856774947999894	7	3
398	0.999932886760813	34	6
399	0.99876849343416	34	9
400	0.999999998683629	37	1
401	0.662022215492308	26	17
402	0.0739993841607108	5	9
403	0.926427423618839	13	5
404	0.0260867613078049	5	11
405	0.970215664289888	22	8
406	1	6	0
407	1	26	0
408	0.997613971734209	17	3
409	0.0715840253243434	4	8
410	1	94	0
411	0.0189145790792072	8	15
412	0.93191773307445	4	1
413	0.488190197888855	3	3
414	0.999995752792665	22	1
415	0.999378955596034	23	4
416	0.999999938127515	35	2
417	1	15	0
418	0.931936307656231	21	9
419	0.172782819732736	0	2
420	0.997295661964767	10	1
421	0.995369765249993	9	1
422	0.992072679293424	8	1
423	0.999999654194014	43	5
424	0.899095327860352	12	5
425	0.99999999995357	62	5
426	0.999999966628731	31	1
427	0.0165801269130815	6	13
428	0.999079150647177	30	7
429	0.999999942811806	30	1
430	0.80661226184889	8	4
431	1	7	0
432	0.941274114147419	7	2
433	0.759412706902555	14	8
434	0.198140116220618	23	22
435	0.976110798102248	9	2
436	0.819987172350118	22	12
437	0.991492952289907	26	8
438	0.999997890551296	39	5
439	0.605168385320837	13	9
440	0.77745017440915	11	6
441	0.0106831288652867	3	10
442	0.676286765450876	11	7
443	0.999567456558411	32	7
444	0.0715397193078912	22	25
445	1	38	0
446	0.990536257533742	11	2
447	0.926427423618839	13	5
448	0.708697752511044	24	15
449	0.00543464196226424	12	22
450	0.0299819752391601	18	24
451	9.81440736959133e-11	22	67
452	0.999999687655027	36	3
453	0.999999892423075	42	4
454	0.491173546408224	10	8
455	5.99204553961011e-08	10	39
456	0.689643315289123	3	2
457	0.999990011733667	25	2
458	0.918502645784583	31	15
459	1	6	0
460	0.000141100712461022	6	21
461	0.946028909087818	16	6
462	0.999130476676817	35	9
463	0.999999999994004	47	1
464	1	19	0
465	0.883462849517385	3	1
466	0.986534667534843	13	3
467	0.969219420931285	11	3
468	0.993168562233003	31	10
469	0.976766350639808	6	1
470	0.80661226184889	8	4
471	0.999997890551296	39	5
472	0.620508771760905	31	21
473	0.125886307661334	15	17
474	0.00808724774006224	55	62
475	0.986534667534843	13	3
476	2.6472686654404e-05	0	12
477	0.0464697581070705	6	11
478	0.000927725625343569	6	18
479	0.961971968290662	27	11
480	0.80661226184889	8	4
481	0.406684175687993	5	5
482	0.927153951856305	28	13
483	0.669296709371015	14	9
484	1	5	0
485	0.278756205466613	25	22
486	0.999983490985679	24	2
487	0.999999896718634	34	2
488	0.817386217661526	10	5
489	0.999997520756682	23	1
490	0.904537364823089	16	7
491	0.00101573848011181	16	30
492	0.999461329549523	13	1
493	0.820356742609404	17	9
494	0.77745017440915	11	6
495	1	31	0
496	0.00547716690648057	6	15
497	0.604298291378734	10	7
498	0.154066003832134	10	12
499	2.72777119741466e-15	10	63
500	0.300139011672824	4	5
501	1.29082121468804e-06	6	28
502	0.999999998915254	59	6
503	0.445484042430196	19	15
504	0.99451556456533	38	13
505	0.999999988638142	33	1
506	0.689250483849482	8	5
507	0.80661226184889	8	4
508	0.173723949841651	7	9
509	0.152836270782684	29	28
510	8.58554100903447e-07	15	42
511	0.949353399853594	12	4
512	0.992860339040221	22	6
513	0.80661226184889	8	4
514	1	7	0
515	0.796634803785274	6	3
516	0.929724729828243	19	8
517	1	13	0
518	0.960227304891489	5	1
519	0.604298291378734	10	7
520	1.08473057029752e-06	11	36
521	0.976110798102248	9	2
522	0.994089063634151	12	2
523	0.999461329549523	13	1
524	0.999997804192369	28	2
525	0.262641228143946	17	16
526	0.767603279379326	27	16
527	6.84353988985094e-06	11	33
528	0.00393605130419404	2	10
529	0.406684175687993	5	5
530	0.900695389803534	8	3
531	0.860993030401577	5	2
532	0.344870101596265	2	3
533	0.0130111885387457	4	11
534	0.994422069301566	42	15
535	0.999892008875009	30	5
536	0.172782819732736	0	2
537	0.172782819732736	0	2
538	0.999999172063211	34	3
539	0.999999987548651	57	7
540	9.49577308852304e-06	2	18
541	0.84282980915904	21	11
542	0.104197013150216	11	14
543	0.999996465672128	31	3
544	0.702762826432542	33	21
545	0.946955594649216	14	5
546	0.00189564712014436	11	23
547	4.47543268647635e-05	2	16
548	0.999738971679957	25	4
549	0.85877305207085	9	4
