pos	pvalue	pS	pN
1	1	0	0
2	0.00118106448742026	0	8
3	0.351377064767056	3	4
4	0.0455450515679338	20	26
5	0.398168874118808	12	11
6	0.0435721776073067	9	15
7	0.371810361854733	2	3
8	0.137571295835851	3	6
9	5.66926924469568e-05	7	25
10	0.593248971509014	5	4
11	0.259161951823985	10	11
12	0.808246265959141	25	15
13	3.69191277942965e-07	14	44
14	0.946142256000295	17	7
15	2.67523498068199e-14	0	37
16	0.0010782503735703	7	20
17	0.0603371557838972	6	11
18	0.999977883293767	18	1
19	4.30402913221153e-12	0	31
20	0.990274841823732	45	19
21	0.998417998988493	14	2
22	0.999770630718716	24	4
23	1.95389200216289e-06	4	25
24	0.999997692738158	22	1
25	0.989000401160165	7	1
26	0.096871857664721	9	13
27	0.999878903164221	19	2
28	0.79401257366718	9	5
29	3.80712885828621e-06	2	20
30	0.268420573549868	16	16
31	0.881933195153307	9	4
32	0.00536897543400114	2	10
33	1	0	0
34	5.20184025134824e-06	9	32
35	0.00775782159911386	10	20
36	0.543492655479296	10	8
37	0.0137914804054699	6	14
38	0.591013101250945	12	9
39	0.137571295835851	3	6
40	4.73240920310865e-07	4	27
41	0.191662173126976	26	26
42	0.134974953029791	11	14
43	0.0119402629661132	5	13
44	0.0227973009369345	28	36
45	0.483348162405145	25	20
46	1.64489403379833e-05	7	27
47	0.00131466112699488	8	21
48	1.10361018951627e-05	6	26
49	0.847060890003404	10	5
50	0.820035961833447	16	9
51	0.087600174486354	4	8
52	0.0209486404649282	12	20
53	1.10361018951627e-05	6	26
54	0.666945904766933	16	11
55	0.0465614376779598	13	19
56	0.395930406362104	7	7
57	0.143934007512499	6	9
58	0.291727390285032	7	8
59	0.280055718902877	8	9
60	0.999985101650111	23	2
61	0.0344041426076808	0	4
62	9.98996883441921e-05	9	27
63	0.997975428437318	10	1
64	0.913197902228351	24	12
65	0.551605459593126	6	5
66	0.212904252806348	6	8
67	0.483348162405145	25	20
68	0.375879880228004	8	8
69	0.607592782768655	8	6
70	0.0668394156164215	12	17
71	0.20757490034206	7	9
72	0.00296027553371464	10	22
73	0.999994770265601	32	4
74	1.03990574186268e-07	3	27
75	0.0268931659416967	8	15
76	0.00248315120420911	13	26
77	0.00278607638298285	23	37
78	0.913197902228351	24	12
79	0.0123059759863934	10	19
80	0.0911911193413765	15	19
81	0.0361150756228389	35	41
82	0.0559801721288746	26	31
83	0.000524591915138193	22	40
84	0.00214133216176746	5	16
85	0.935294867603013	20	9
86	0.0121745302843865	25	35
87	0.993689226317781	14	3
88	0.727434076917706	8	5
89	0.880328591314784	16	8
90	0.979659018698133	20	7
91	0.999345161697902	12	1
92	1	13	0
93	0.000374809119939994	10	26
94	0.0644825207008315	8	13
95	2.61369934760907e-05	5	23
96	0.997975428437318	10	1
97	0.430766058356532	0	1
98	0.993320363832852	21	6
99	0.000156174707120707	2	15
100	0.551605459593126	6	5
101	0.999627622406777	13	1
102	0.92232455937151	6	2
103	0.895055478056549	3	1
104	0.917101443747758	10	4
105	0.170494170263334	14	16
106	5.03361584927123e-05	5	22
107	1	7	0
108	0.994780060337873	26	8
109	0.942570736018432	11	4
110	0.992889019468799	11	2
111	0.998106789630517	31	9
112	1	10	0
113	0.212904252806348	6	8
114	0.997830681960889	19	4
115	0.00109838884446737	3	14
116	0.756494201239794	10	6
117	0.00311422634949197	1	9
118	1	24	0
119	0.795430361925423	17	10
120	0.821739741599429	6	3
121	0.940280667605774	4	1
122	0.00536897543400114	2	10
123	0.997975428437318	10	1
124	0.999961091798466	17	1
125	0.999977883293767	18	1
126	0.0330049477017098	20	27
127	0.92578358098928	28	14
128	0.437906186747075	10	9
129	1	5	0
130	0.620282814557274	11	8
131	0.999066522927581	26	6
132	1	17	0
133	0.988371252149358	10	2
134	0.992152753064048	16	4
135	0.998417998988493	14	2
136	0.859037000142368	12	6
137	1	13	0
138	0.946989941861266	26	12
139	0.999994824546729	25	2
140	0.996905656385324	23	6
141	0.0105377086655635	2	9
142	1	15	0
143	0.0376514336394851	6	12
144	0.966018997577208	5	1
145	0.573618840586291	9	7
146	0.878137457420955	5	2
147	0.249723181264361	11	12
148	0.878137457420955	5	2
149	0.836050390656716	18	10
150	0.143692821575064	5	8
151	0.040114351712996	7	13
152	0.999997692738158	22	1
153	0.919461466493974	12	5
154	0.41882048674356	6	6
155	0.0119402629661132	5	13
156	0.997378669367772	13	2
157	0.999637386928443	23	4
158	1	26	0
159	0.430766058356532	0	1
160	0.989000401160165	7	1
161	0.999995939739436	21	1
162	0.99938708815753	19	3
163	0.0205106531905706	5	12
164	0.9694606246835	8	2
165	0.41882048674356	6	6
166	0.175454747438522	13	15
167	1	18	0
168	0.999013802176443	18	3
169	0.942570736018432	11	4
170	0.999429030929976	22	4
171	0.999999576823869	25	1
172	1	9	0
173	0.341882128922765	10	10
174	0.577216976657683	2	2
175	1	14	0
176	0.997378669367772	13	2
177	0.999855454837106	25	4
178	0.993742566463315	8	1
179	1	0	0
180	0.895055478056549	3	1
181	0.917119995715449	8	3
182	0.951063078734962	7	2
183	0.999998688990739	23	1
184	0.998848535372587	11	1
185	0.878137457420955	5	2
186	0.940280667605774	4	1
187	1	13	0
188	4.6415249634878e-06	7	29
189	0.143934007512499	6	9
190	1	0	0
191	1	22	0
192	1	7	0
193	0.980665920936583	6	1
194	1	16	0
195	0.951063078734962	7	2
196	0.994856035335675	17	4
197	0.999999999162252	36	1
198	0.593248971509014	5	4
199	1.53702219247516e-06	6	29
200	1.1258955339538e-07	4	29
201	0.982040934292561	30	12
202	0.771747292875108	7	4
203	0.0168857589423308	8	16
204	0.771747292875108	7	4
205	0.999048502011254	15	2
206	0.959701987789403	14	5
207	0.997830681960889	19	4
208	0.917119995715449	8	3
209	0.999013802176443	18	3
210	0.99600076683585	15	3
211	4.04564075275762e-05	0	12
212	0.430766058356532	0	1
213	0.993742566463315	8	1
214	0.9694606246835	8	2
215	0.971466529660044	17	6
216	0.917101443747758	10	4
217	0.750091934612271	13	8
218	0.966018997577208	5	1
219	0.430766058356532	0	1
220	9.01891320296804e-05	14	34
221	0.259161951823985	10	11
222	0.000218022834363624	10	27
223	0.0944355353117304	6	10
224	0.99600076683585	15	3
225	0.999345161697902	12	1
226	0.714154719859649	3	2
227	1	5	0
228	0.995968321289976	20	5
229	0.999345161697902	12	1
230	0.996440559994406	9	1
231	0.895055478056549	3	1
232	0.000182415389016288	5	20
233	1	5	0
234	0.323486318626085	17	16
235	0.0344041426076808	0	4
236	1	20	0
237	0.973369328645779	13	4
238	0.999999759603759	26	1
239	1	11	0
240	0.939363381189948	22	10
241	3.65300858136973e-06	8	31
242	0.00274439631073535	0	7
243	0.999997692738158	22	1
244	1	8	0
245	0.998848535372587	11	1
246	0.981091875565289	9	2
247	1.12607415909797e-09	3	33
248	4.69807361910579e-14	5	51
249	0.0329865762196639	16	23
250	0.992152753064048	16	4
251	0.96068512578653	12	4
252	1	14	0
253	0.980665920936583	6	1
254	0.999793641706382	27	5
255	0.999788261909564	14	1
256	0.519286124081732	3	3
257	9.76479602465351e-08	10	40
258	0.371810361854733	2	3
259	0.212904252806348	6	8
260	0.278624799705637	15	15
261	1	15	0
262	0.999668051702754	38	10
263	0.000284234059456378	3	16
264	0.0225928736390583	15	23
265	0.0260439083602507	3	9
266	0.992889019468799	11	2
267	0.621230651510537	25	18
268	0.646451868771387	7	5
269	2.62957591028877e-07	1	21
270	0.000182415389016288	5	20
271	0.999879612770968	15	1
272	0.915065887330571	19	9
273	0.05254227005591	4	9
274	0.946142256000295	17	7
275	1.12365298198909e-31	12	121
276	0.47795419689849	4	4
277	0.984587442728436	12	3
278	0.980665920936583	6	1
279	1	9	0
280	0.999788261909564	14	1
281	0.940280667605774	4	1
282	1	20	0
283	0.92232455937151	6	2
284	0.0260439083602507	3	9
285	0.919461466493974	12	5
286	0.000120085082347236	4	19
287	0.000759828230439551	8	22
288	0.0192326371731876	10	18
289	0.543492655479296	10	8
290	0.940280667605774	4	1
291	1	52	0
292	1	7	0
293	0.999997692738158	22	1
294	1	13	0
295	0.999967117916068	25	3
296	1	0	0
297	0.815595852706833	2	1
298	1	18	0
299	0.999994824546729	25	2
300	1	10	0
301	1	20	0
302	1	25	0
303	1	0	0
304	0.993969223066912	19	5
305	0.982131523727436	14	4
306	0.577216976657683	2	2
307	0.999999998914432	49	4
308	0.4126682177778	16	14
309	0.096871857664721	9	13
310	1	14	0
311	0.65241219023479	10	7
312	1	13	0
313	0.0236175201792281	22	30
314	8.34502322257045e-08	2	25
315	0.999999998524128	35	1
316	0.998848535372587	11	1
317	0.224334599627734	2	4
318	0.999999922439919	28	1
319	0.9694606246835	8	2
320	0.999658844883051	17	2
321	0.0668394156164215	12	17
322	0.651705456633028	20	14
323	0.999627622406777	13	1
324	1	9	0
325	0.971952654298368	15	5
326	0.92232455937151	6	2
327	1	16	0
328	0.659556057968938	13	9
329	0.00160076657735954	4	15
330	0.999999955950365	29	1
331	0.959091276288364	27	12
332	0.0455763772285666	11	17
333	1	10	0
334	0.202099203991606	8	10
335	0.811589017748608	4	2
336	0.203117977585513	17	18
337	0.980665920936583	6	1
338	0.813266207242523	11	6
339	0.0734106764643079	26	30
340	0.124047417598506	15	18
341	0.0345670658705681	5	11
342	0.998848535372587	11	1
343	0.0203626964119421	2	8
344	0.516880335737276	7	6
345	0.998848535372587	11	1
346	0.888227566714136	11	5
347	1	4	0
348	0.999997692738158	22	1
349	0.966018997577208	5	1
350	0.992889019468799	11	2
351	0.0386210145657973	2	7
352	0.593248971509014	5	4
353	0.999627622406777	13	1
354	0.341882128922765	10	10
355	0.000683681248304387	1	11
356	1	6	0
357	0.12962365906229	13	16
358	0.430766058356532	0	1
359	0.646451868771387	7	5
360	0.999345161697902	12	1
361	0.878137457420955	5	2
362	0.461056912517008	9	8
363	1	4	0
364	0.0959861477251157	7	11
365	0.0168857589423308	8	16
366	3.99582125602497e-08	8	38
367	0.516880335737276	7	6
368	1	21	0
369	6.31133203749052e-05	15	36
370	0.999999576823869	25	1
371	0.714154719859649	3	2
372	1	18	0
373	0.0344041426076808	0	4
374	0.20757490034206	7	9
375	0.430766058356532	0	1
376	1	16	0
377	0.999998785870284	35	4
378	0.998837924186806	23	5
379	1	10	0
380	0.430766058356532	0	1
381	5.14873507061821e-09	3	31
382	0.330412152495638	27	24
383	0.280055718902877	8	9
384	0.993742566463315	8	1
385	0.922949988262508	14	6
386	2.63533862608044e-08	15	50
387	0.997378669367772	13	2
388	0.202099203991606	8	10
389	1.80345531138232e-07	2	24
390	0.380854211037105	13	12
391	0.821739741599429	6	3
392	0.0603371557838972	6	11
393	0.996023060644411	33	11
394	3.76852009394172e-05	15	37
395	0.564189480594643	13	10
396	1.00107035353993e-13	5	50
397	5.14873507061821e-09	3	31
398	0.999999997910357	64	9
399	0.430766058356532	0	1
400	0.981091875565289	9	2
401	1	16	0
402	0.988371252149358	10	2
403	0.963523531892433	10	3
404	0.999961091798466	17	1
405	1	14	0
406	0.895055478056549	3	1
407	0.999999999999745	56	2
408	0.984587442728436	12	3
409	0.881933195153307	9	4
410	0.99993155719345	16	1
411	0.966018997577208	5	1
412	0.992875369371675	23	7
413	0.966018997577208	5	1
414	0.973369328645779	13	4
415	0.931122085292919	18	8
416	0.00417215337721675	24	37
417	1	4	0
418	0.966018997577208	5	1
419	0.727434076917706	8	5
420	0.997975428437318	10	1
421	0.999627622406777	13	1
422	0.997378669367772	13	2
423	0.430766058356532	0	1
424	3.07242418431688e-05	1	15
425	1	11	0
426	0.999998688990739	23	1
427	0.87747289494081	7	3
428	0.9694606246835	8	2
429	0.999977883293767	18	1
430	0.980129182501942	24	9
431	0.948576416315633	19	8
432	0.0137914804054699	6	14
433	1	14	0
434	0.12962365906229	13	16
435	0.834395004926968	8	4
436	0.152105718170093	18	20
437	0.430766058356532	0	1
438	0.0663776876354225	10	15
439	0.999884954985573	31	6
440	0.999796512593956	18	2
441	1	9	0
442	0.00385179237320821	5	15
443	0.00707735857810739	9	19
444	0.999915153739446	29	5
445	0.375879880228004	8	8
446	1	10	0
447	0.917119995715449	8	3
448	0.495347099176933	16	13
449	0.0313538393327223	12	19
450	0.00767713375928617	3	11
451	1.02867107503107e-07	6	33
452	0.000916181027809405	9	23
453	0.00786544520719736	19	30
454	1.03232571741748e-06	8	33
455	1	0	0
456	0.469683331310962	13	11
457	0.216387636104213	1	3
458	0.79401257366718	9	5
459	0.815595852706833	2	1
460	1	4	0
461	1	1	0
462	0.551605459593126	6	5
463	0.0812237569247927	3	7
464	0.992889019468799	11	2
465	0.988112733310912	15	4
466	0.0149140879598007	14	23
467	0.000256782920135595	6	21
468	0.0799000159818139	0	3
469	0.0668394156164215	12	17
