pos	pvalue	pS	pN
1	1	0	0
2	0.282174979165886	13	11
3	0.913690576753772	31	13
4	0.0748678578907234	5	8
5	0.737687140802851	4	2
6	0.749919721507423	14	7
7	0.000793506947321313	2	11
8	0.99450725852028	17	3
9	0.999732224111917	16	1
10	1	0	0
11	0.01439993286033	1	6
12	0.145575071518656	0	2
13	0.991887658263446	16	3
14	0.0712176847437158	6	9
15	1	8	0
16	0.0554613688584099	0	3
17	0.158518676082583	1	3
18	0.493086277595716	2	2
19	2.37539711387502e-05	0	11
20	0.672301654869959	9	5
21	1	3	0
22	0.175974019874846	11	11
23	0.00618542512826734	1	7
24	0.94445717722184	5	1
25	0.229032415391648	4	5
26	4.79940795098563e-07	0	15
27	2.8998320885426e-11	11	46
28	1	0	0
29	0.00115695565467364	0	7
30	0.38173018753781	0	1
31	0.01439993286033	1	6
32	8.9692217454477e-06	0	12
33	1	1	0
34	0.00179071008341368	2	10
35	0.38173018753781	0	1
36	0.0595015859183896	9	12
37	0.000166109173077106	0	9
38	1	12	0
39	0.00261855246996831	1	8
40	0.207118578540624	13	12
41	1	0	0
42	0.0554613688584099	0	3
43	0.021108933117019	0	4
44	0.17126919330558	7	8
45	1	0	0
46	1	12	0
47	9.71766792954276e-06	5	21
48	0.0402140700358773	7	11
49	0.021295231110708	10	15
50	1	0	0
51	0.999564265279531	15	1
52	1.80490555421682e-07	0	16
53	0.999564265279531	15	1
54	0.985475532917673	20	5
55	0.915144851836429	12	4
56	0.914035490321142	7	2
57	0.740730294941312	23	12
58	0.915144851836429	12	4
59	0.978871713966574	7	1
60	3.94188079151529e-06	7	25
61	0.965736789348749	6	1
62	1	8	0
63	0.0139191773079967	18	23
64	0.00706725370676171	6	13
65	0.38173018753781	0	1
66	1	18	0
67	0.00212368248506251	7	16
68	0.999291227932346	14	1
69	0.999997985995437	26	1
70	0.988757540435598	12	2
71	0.953593280054757	21	7
72	0.948499827187763	16	5
73	0.986976241922253	8	1
74	0.986976241922253	8	1
75	0.999732224111917	16	1
76	0.158518676082583	1	3
77	0.796400301967624	9	4
78	1	0	0
79	1	26	0
80	0.986976241922253	8	1
81	1	5	0
82	0.737687140802851	4	2
83	0.264430604464396	17	14
84	0.999732224111917	16	1
85	1	3	0
86	0.56412266678361	11	7
87	0.999858304124621	22	2
88	1.85767579160383e-06	7	26
89	0.109271463641177	7	9
90	0.991887658263446	16	3
91	0.802228498815789	7	3
92	0.117908388739253	6	8
93	1	13	0
94	0.965736789348749	6	1
95	1	6	0
96	1	7	0
97	0.763926716915871	2	1
98	1	6	0
99	0.926032009763911	10	3
100	1	0	0
101	0.963547926401427	12	3
102	1	10	0
103	1	14	0
104	0.998126827828343	12	1
105	0.988584497922543	18	4
106	1	25	0
107	6.44346496012915e-05	2	14
108	0.996956558877536	11	1
109	0.999998767567933	27	1
110	0.988757540435598	12	2
111	0.99450725852028	17	3
112	0.991975020113894	9	1
113	0.018669479432314	2	7
114	0.995195667724565	14	2
115	0.53937451341501	9	6
116	0.136619188994882	4	6
117	0.99971759687099	31	5
118	0.101214254930824	8	10
119	0.493086277595716	2	2
120	0.154491876554812	2	4
121	0.737687140802851	4	2
