pos	pvalue	pS	pN
1	1	0	0
2	0.978476134334717	10	1
3	0.738869232065003	12	4
4	0.0866551900398588	0	2
5	1	4	0
6	0.446474724139609	19	9
7	0.997354256849489	16	1
8	1	4	0
9	0.0226037804641583	7	9
10	0.956727502631528	8	1
11	1	0	0
12	0.494873691080482	20	9
13	0.745744177951286	15	5
14	0.397516046153816	9	5
15	0.294412770809577	0	1
16	0.522238270833634	6	3
17	0.155706491430322	2	3
18	1	1	0
19	0.0254984477991373	0	3
20	0.25758395825196	5	4
21	0.587415763465727	22	9
22	0.851900357609165	18	5
23	0.155706491430322	2	3
24	1	8	0
25	0.841949932280135	8	2
26	1	5	0
27	1	5	0
28	1	0	0
29	0.335490986233713	6	4
30	0.000648571744297275	0	6
31	0.794014510099399	7	2
32	0.938648281239069	7	1
33	0.210197048211974	16	10
34	0.938648281239069	7	1
35	1	5	0
36	0.876691171936985	5	1
37	5.21291892726107e-06	8	20
38	0.999539390295518	21	1
39	1	8	0
40	1	17	0
41	0.991313157919381	18	2
42	1	8	0
43	0.999346542191582	20	1
44	0.155706491430322	2	3
45	1	9	0
46	1	5	0
47	0.0866551900398588	0	2
48	1	23	0
49	1	0	0
50	0.0254984477991373	0	3
51	0.294412770809577	0	1
52	0.658719884356858	5	2
53	0.294412770809577	0	1
54	8.57261093396572e-09	11	30
55	0.490242991156505	8	4
56	0.460272829571201	3	2
57	0.41403326395439	7	4
58	0.992452079685386	13	1
59	0.314640789330273	12	7
60	1.25521539680463e-05	5	16
61	0.15393515594319	7	6
62	0.00347385588604671	4	9
63	0.000648571744297275	0	6
64	1.22224966303261e-07	0	13
65	8.49124949592755e-09	2	19
66	2.6275235506892e-08	2	18
67	0.733735876827474	9	3
68	1	7	0
69	0.999072996786048	19	1
70	0.120626313325489	8	7
71	0.825197820156505	4	1
72	1	14	0
73	0.0536486347061616	3	5
74	0.934152071382753	15	3
75	0.658719884356858	5	2
76	1.9528726852778e-06	6	19
77	0.567731061254107	4	2
78	1	0	0
79	0.0109584258633148	7	10
80	1	1	0
81	0.0033961951722148	1	6
82	0.00199451726204369	8	13
83	1	6	0
84	1	10	0
85	0.992452079685386	13	1
86	1	7	0
87	0.00357001085800393	9	13
88	1	9	0
89	0.0182327811642901	8	10
90	3.58565648547534e-08	0	14
91	0.627716894643263	10	4
92	1	2	0
93	0.602272821376457	7	3
94	0.976655655339723	19	3
95	1	27	0
96	3.06387724509691e-05	4	14
97	1	2	0
98	0.294412770809577	0	1
99	1	0	0
100	0.752212822039444	3	1
101	0.991313157919381	18	2
102	0.00137828749079002	2	8
103	1	25	0
104	0.0229687838555754	3	6
105	0.24535636620539	3	3
106	0.00379449711944923	2	7
107	0.0027585971647642	17	19
108	0.24535636620539	3	3
109	0.210747958658418	12	8
110	1	3	0
111	1	7	0
112	0.397516046153816	9	5
113	1	7	0
114	0.465293317442737	10	5
115	1	10	0
116	0.490242991156505	8	4
117	0.876691171936985	5	1
118	0.913019719867006	6	1
119	0.908682683869441	10	2
120	0.0101859260314913	2	6
121	0.978538273400275	15	2
122	0.588375371326902	17	7
123	0.261613809550161	7	5
124	1	17	0
125	0.956727502631528	8	1
126	0.561945223646278	9	4
127	0.000546334622039625	3	10
128	0.971133876143542	14	2
129	0.260405693130504	11	7
130	1	18	0
131	0.996247434293652	15	1
132	0.752212822039444	3	1
133	1	20	0
134	0.658719884356858	5	2
135	1	4	0
136	0.794014510099399	7	2
137	0.15393515594319	7	6
138	0.208968674521302	1	2
139	0.672862655409732	8	3
140	0.913019719867006	6	1
141	0.0254984477991373	0	3
142	0.994677836909271	14	1
143	0.971133876143542	14	2
144	0.841949932280135	8	2
145	0.34025900349723	4	3
146	0.978538273400275	15	2
147	0.34025900349723	4	3
148	0.940004247165242	19	4
149	1	1	0
150	0.999281262905627	26	2
151	0.338446294314849	2	2
152	0.0719411155474956	5	6
153	0.960475658877041	17	3
154	0.561945223646278	9	4
155	2.80396154059505e-11	2	24
156	0.0566654969212641	6	7
157	0.329862532279889	21	11
158	0.825197820156505	4	1
159	0.294412770809577	0	1
160	0.994677836909271	14	1
161	5.60177854331708e-05	0	8
162	0.672862655409732	8	3
163	1	11	0
164	0.294412770809577	0	1
165	1	3	0
166	0.434020166639743	5	3
167	1	4	0
168	0.602272821376457	7	3
169	1	3	0
170	1	0	0
171	1	2	0
172	1	7	0
173	1	19	0
174	0.876691171936985	5	1
175	0.658719884356858	5	2
176	5.60177854331708e-05	0	8
177	1	17	0
178	0.0536486347061616	3	5
179	0.0254984477991373	0	3
180	0.978476134334717	10	1
181	1	1	0
182	0.999886345327424	25	1
183	0.536764251002334	16	7
184	7.39333185047179e-07	6	20
185	0.00113295155245596	1	7
186	0.876691171936985	5	1
187	0.69984704717699	14	5
188	0.712013656855982	17	6
189	0.733619790262562	6	2
190	0.913019719867006	6	1
191	1.76078600210382e-06	5	18
192	0.627716894643263	10	4
193	1	5	0
194	0.00310751262460997	5	10
195	2.47480431320803e-07	2	16
196	0.828242939546898	11	3
197	0.0919984482693941	4	5
198	0.465293317442737	10	5
199	0.82284502339454	14	4
200	0.969480566003905	9	1
201	0.992452079685386	13	1
202	0.0254984477991373	0	3
203	0.908682683869441	10	2
204	0.996548481098743	21	2
205	0.34025900349723	4	3
206	0.0254984477991373	0	3
207	0.648771190108295	2	1
208	1	4	0
209	1	6	0
210	1	5	0
211	0.978476134334717	10	1
212	0.261613809550161	7	5
213	0.988229408015147	17	2
214	0.328912968054518	8	5
215	0.648771190108295	2	1
216	0.69984704717699	14	5
217	1	12	0
218	1	7	0
219	1	13	0
220	0.20542742747578	8	6
221	0.00959044059213828	14	15
222	0.998134710272843	17	1
223	1	19	0
224	0.00834308436819293	4	8
225	0.69984704717699	14	5
226	0.338446294314849	2	2
227	1.08362589343535e-08	5	23
228	0.992452079685386	13	1
229	1	10	0
230	0.969480566003905	9	1
231	0.841949932280135	8	2
232	0.752212822039444	3	1
233	1	14	0
234	1	6	0
235	1	6	0
236	1	4	0
237	1	18	0
238	0.999999156951238	39	1
239	0.969480566003905	9	1
240	0.502170351579297	1	1
241	0.876691171936985	5	1
242	1	7	0
243	0.00750091215626498	0	4
244	1	6	0
245	0.978476134334717	10	1
246	1	5	0
247	1	19	0
248	0.984820993467924	11	1
249	0.20542742747578	8	6
250	0.931120794976279	11	2
251	1.60665175495662e-10	5	27
252	1	0	0
253	0.522238270833634	6	3
254	0.648771190108295	2	1
255	5.04318387228014e-09	3	21
256	0.261961503575974	9	6
257	0.434020166639743	5	3
258	0.994677836909271	14	1
259	0.978476134334717	10	1
260	0.658719884356858	5	2
261	0.822335658193255	20	6
262	0.913019719867006	6	1
263	0.934152071382753	15	3
264	0.938648281239069	7	1
265	0.828242939546898	11	3
266	0.0254984477991373	0	3
267	0.261613809550161	7	5
268	1	1	0
269	1	5	0
270	0.752212822039444	3	1
271	0.25758395825196	5	4
272	1	6	0
273	1	6	0
274	0.261613809550161	7	5
275	0.908682683869441	10	2
276	1	6	0
277	0.992452079685386	13	1
278	0.0794910547277542	1	3
279	0.956727502631528	8	1
280	1	16	0
281	1	11	0
282	0.602272821376457	7	3
283	0.0022059492971539	0	5
284	0.913019719867006	6	1
285	0.876691171936985	5	1
286	0.10904146716384	6	6
287	1	5	0
288	0.824458490382189	23	7
289	0.0719411155474956	5	6
290	0.825197820156505	4	1
291	1	13	0
292	0.0140443106850833	15	15
293	0.000119795528086641	11	19
294	1	0	0
295	0.000568154835201796	15	20
296	0.68200514345164	19	7
297	0.940004247165242	19	4
298	1	7	0
299	4.11910872688304e-06	4	16
300	0.825197820156505	4	1
301	1	18	0
302	0.522238270833634	6	3
303	0.261613809550161	7	5
304	0.948872244069665	16	3
305	0.989296010008895	12	1
306	0.434020166639743	5	3
307	0.999971977391171	29	1
308	0.107958761468785	13	10
309	0.0660566166552537	2	4
310	0.000648571744297275	0	6
311	0.118819516482935	3	4
312	0.321811427543381	10	6
313	0.938648281239069	7	1
314	0.658719884356858	5	2
315	0.000171606074696042	2	10
316	0.999971977391171	29	1
317	0.934152071382753	15	3
318	0.627716894643263	10	4
319	0.940004247165242	19	4
320	1	7	0
321	1	8	0
322	1	9	0
323	0.794014510099399	7	2
324	0.908682683869441	10	2
325	0.502170351579297	1	1
326	1	4	0
327	0.99747113168361	22	2
328	0.648771190108295	2	1
329	0.738869232065003	12	4
330	0.876691171936985	5	1
331	1	7	0
332	0.892394695403219	13	3
333	0.567731061254107	4	2
334	0.948267104214509	12	2
335	1	12	0
336	0.502170351579297	1	1
337	0.460272829571201	3	2
338	7.99575128243248e-07	7	21
339	0.348634576756368	17	9
340	5.52201777169229e-11	5	28
341	0.0660566166552537	2	4
342	0.825197820156505	4	1
343	1	5	0
344	1.87011782873797e-20	0	37
345	1	10	0
346	1	21	0
347	1	8	0
348	0.984086548652465	16	2
349	1	9	0
350	1	3	0
351	0.118819516482935	3	4
352	0.993602088675366	19	2
353	0.0101859260314913	2	6
354	0.000400445908422957	8	15
355	0.561945223646278	9	4
356	0.0655517476853093	13	11
357	0.752212822039444	3	1
358	0.118819516482935	3	4
359	0.993602088675366	19	2
360	0.841949932280135	8	2
361	1	9	0
362	0.938648281239069	7	1
363	0.00999283706143703	1	5
364	0.34025900349723	4	3
365	0.000648571744297275	0	6
366	0.118819516482935	3	4
367	0.984820993467924	11	1
368	8.49124949592755e-09	2	19
369	0.198042000222527	6	5
370	0.502170351579297	1	1
371	0.338446294314849	2	2
372	0.992452079685386	13	1
373	0.434020166639743	5	3
374	0.0348407639311517	5	7
375	0.733619790262562	6	2
376	1	13	0
377	0.502170351579297	1	1
378	1	9	0
379	0.978538273400275	15	2
380	0.969480566003905	9	1
381	1	8	0
382	0.463521342308741	17	8
383	0.991313157919381	18	2
384	0.962447965325171	21	4
385	0.0286807635927093	1	4
386	0.34025900349723	4	3
387	0.383248747462901	11	6
388	0.999346542191582	20	1
389	3.28643934406261e-05	5	15
390	0.261613809550161	7	5
391	0.20702435867212	20	12
392	0.672862655409732	8	3
393	0.752212822039444	3	1
394	0.155706491430322	2	3
395	0.602272821376457	7	3
396	0.984086548652465	16	2
397	0.0264844417844927	2	5
398	1.41900587464318e-06	0	11
399	1	3	0
400	0.828242939546898	11	3
401	0.992452079685386	13	1
402	5.60177854331708e-05	0	8
403	0.41403326395439	7	4
404	1	6	0
405	0.460272829571201	3	2
406	1	31	0
407	1	10	0
408	0.335490986233713	6	4
409	0.198042000222527	6	5
410	0.0022059492971539	0	5
411	0.00513894162253462	7	11
412	0.908682683869441	10	2
413	0.502170351579297	1	1
414	0.0013055714493505	5	11
415	1	14	0
416	0.991313157919381	18	2
417	1	8	0
418	0.960475658877041	17	3
419	1	16	0
420	1	7	0
421	1	9	0
422	0.338446294314849	2	2
423	1	9	0
424	0.913019719867006	6	1
425	0.989296010008895	12	1
426	1	11	0
427	0.998685004842715	18	1
428	1	21	0
429	1	13	0
430	1	12	0
431	0.294412770809577	0	1
432	1	21	0
433	1	2	0
434	0.25758395825196	5	4
435	0.956727502631528	8	1
436	0.938648281239069	7	1
437	0.752212822039444	3	1
438	1	8	0
439	0.208968674521302	1	2
440	0.934152071382753	15	3
441	0.000372509961886456	1	8
442	0.118819516482935	3	4
443	0.794014510099399	7	2
444	0.41403326395439	7	4
445	1	5	0
446	0.978476134334717	10	1
447	0.924681831590272	18	4
448	0.785273072781833	10	3
449	1	0	0
450	1	12	0
451	0.0193837841860924	4	7
452	0.460272829571201	3	2
453	6.48209756382175e-07	5	19
454	0.905919717714134	17	4
455	0.567731061254107	4	2
456	2.27091916682621e-06	2	14
457	0.984820993467924	11	1
458	0.294412770809577	0	1
459	1	16	0
460	0.294412770809577	0	1
461	0.00092727090004665	16	20
462	1	9	0
463	0.000121065579660565	1	9
464	0.850618190376181	21	6
465	0.561945223646278	9	4
466	0.261961503575974	9	6
467	0.0866551900398588	0	2
468	0.892394695403219	13	3
469	1	3	0
470	0.0109584258633148	7	10
471	0.0909399751847585	16	12
472	1	8	0
473	1.66753299175418e-13	0	24
474	1	17	0
475	0.712013656855982	17	6
476	0.0719411155474956	5	6
477	0.994677836909271	14	1
478	0.00999283706143703	1	5
479	0.733735876827474	9	3
480	3.26792519865919e-05	7	17
481	0.913019719867006	6	1
482	0.0951191864008209	9	8
483	0.000648571744297275	0	6
484	1	19	0
485	1	12	0
486	1	2	0
487	0.648771190108295	2	1
488	0.522238270833634	6	3
489	0.992452079685386	13	1
490	0.25758395825196	5	4
491	1	28	0
492	0.434020166639743	5	3
493	0.876691171936985	5	1
494	0.938648281239069	7	1
495	3.34111453432198e-05	6	16
496	1	12	0
497	0.0655517476853093	13	11
498	1	7	0
499	1	6	0
500	0.992452079685386	13	1
501	0.876691171936985	5	1
502	1	8	0
503	1	11	0
504	1	5	0
505	0.25758395825196	5	4
506	1	9	0
507	0.118819516482935	3	4
508	0.672862655409732	8	3
509	0.956727502631528	8	1
510	0.970474702127756	22	4
511	0.000191288949505338	7	15
512	0.892394695403219	13	3
513	1	11	0
514	1	6	0
515	1	18	0
516	0.648771190108295	2	1
517	0.658719884356858	5	2
518	0.0280521999427919	6	8
519	0.648771190108295	2	1
520	1	7	0
521	1	28	0
522	0.825197820156505	4	1
523	0.997354256849489	16	1
524	6.7532442852479e-05	9	18
525	1	9	0
526	0.314640789330273	12	7
527	0.994677836909271	14	1
528	1	2	0
529	0.0866551900398588	0	2
530	0.752212822039444	3	1
531	1	4	0
532	0.610850702770965	20	8
533	0.956727502631528	8	1
534	0.969480566003905	9	1
535	0.294412770809577	0	1
536	0.0866551900398588	0	2
537	0.0254984477991373	0	3
538	1	6	0
539	0.733619790262562	6	2
540	0.183990398259709	4	4
541	1	8	0
542	0.938648281239069	7	1
543	0.994677836909271	14	1
544	1	2	0
545	0.948267104214509	12	2
546	1	9	0
547	0.000490482154917097	2	9
548	0.87952488269578	9	2
549	1	7	0
550	1	9	0
551	0.876691171936985	5	1
552	1	0	0
553	0.0536486347061616	3	5
554	0.938648281239069	7	1
555	0.914041258515424	24	6
556	0.00611074791670909	6	10
557	1	0	0
558	1	6	0
559	1.24501418513385e-06	1	13
560	0.997478374981164	27	3
561	1	3	0
562	0.648488319822139	13	5
563	0.87952488269578	9	2
564	1	0	0
565	1	12	0
566	1	7	0
567	0.29406256693887	18	10
568	1	10	0
569	1	2	0
570	1.64562633765102e-05	0	9
571	0.962447965325171	21	4
572	1	5	0
573	0.999346542191582	20	1
574	0.522238270833634	6	3
575	0.0022059492971539	0	5
576	1	6	0
577	0.648771190108295	2	1
578	0.733619790262562	6	2
579	0.876691171936985	5	1
580	1	13	0
581	1	6	0
582	1	14	0
583	0.876691171936985	5	1
584	0.0909399751847585	16	12
585	0.988229408015147	17	2
586	0.260405693130504	11	7
587	1	3	0
588	2.63068229811332e-19	8	50
589	0.658719884356858	5	2
590	6.7532442852479e-05	9	18
591	0.989109705391911	26	4
592	1	4	0
593	0.567731061254107	4	2
594	1	14	0
595	1	8	0
596	0.733735876827474	9	3
597	1	18	0
598	0.41403326395439	7	4
599	1	29	0
600	1	19	0
601	1	6	0
602	1	5	0
603	1	0	0
604	1	16	0
605	1	4	0
606	0.938648281239069	7	1
607	0.321811427543381	10	6
608	0.938648281239069	7	1
609	0.567731061254107	4	2
610	0.208968674521302	1	2
611	0.913019719867006	6	1
612	0.567731061254107	4	2
613	0.733735876827474	9	3
614	0.752212822039444	3	1
615	0.0794910547277542	1	3
616	0.00999283706143703	1	5
617	1	4	0
618	1	12	0
619	1	9	0
620	1	12	0
621	0.648771190108295	2	1
622	0.183990398259709	4	4
623	1	7	0
624	0.989665419120675	22	3
625	0.938648281239069	7	1
626	1	6	0
627	1	5	0
628	0.785273072781833	10	3
629	0.876691171936985	5	1
630	0.465293317442737	10	5
631	0.0866551900398588	0	2
632	1	2	0
633	0.956727502631528	8	1
634	1	7	0
635	1	4	0
636	1	17	0
637	0.10904146716384	6	6
638	0.825197820156505	4	1
639	0.825197820156505	4	1
640	0.998134710272843	17	1
641	1	3	0
642	1	10	0
643	0.490242991156505	8	4
644	0.998944765247909	30	3
645	0.78409908926734	13	4
646	1	23	0
647	0.648771190108295	2	1
648	0.969568315737525	18	3
649	0.000546334622039625	3	10
650	0.567731061254107	4	2
651	1	9	0
652	0.0566654969212641	6	7
653	1	7	0
654	0.561945223646278	9	4
655	0.397516046153816	9	5
656	1	4	0
657	1	7	0
658	0.825197820156505	4	1
659	0.0719411155474956	5	6
660	8.36449921220755e-05	6	15
661	1.22008089835401e-07	1	15
662	0.938648281239069	7	1
663	0.118819516482935	3	4
664	1	17	0
665	0.996247434293652	15	1
666	0.738869232065003	12	4
667	2.36210936730922e-07	5	20
668	0.183990398259709	4	4
669	0.938648281239069	7	1
670	0.996247434293652	15	1
671	0.140723416279331	5	5
672	1	5	0
673	0.208968674521302	1	2
674	0.0348407639311517	5	7
675	1	19	0
676	3.10535302926929e-05	8	18
677	0.000121065579660565	1	9
678	0.948872244069665	16	3
679	0.956727502631528	8	1
680	0.0536486347061616	3	5
681	1	4	0
682	0.0383424244952126	13	12
683	0.183990398259709	4	4
684	0.434020166639743	5	3
685	0.999960114653284	35	2
686	0.434020166639743	5	3
687	1	5	0
688	0.876691171936985	5	1
689	1	8	0
690	1	12	0
691	1	23	0
692	0.752212822039444	3	1
693	1	10	0
694	1	11	0
695	1	5	0
696	0.648771190108295	2	1
697	0.999971977391171	29	1
698	0.107958761468785	13	10
699	0.978476134334717	10	1
700	0.460272829571201	3	2
701	0.0022059492971539	0	5
702	0.00834308436819293	4	8
703	0.397516046153816	9	5
704	0.648488319822139	13	5
705	1	31	0
706	0.658719884356858	5	2
707	0.335490986233713	6	4
708	0.752212822039444	3	1
709	0.24535636620539	3	3
710	1	8	0
711	0.0566654969212641	6	7
712	0.938648281239069	7	1
713	0.999980255923894	30	1
714	0.0280521999427919	6	8
715	0.0348407639311517	5	7
716	1	3	0
717	0.0033961951722148	1	6
718	0.0133264496562182	6	9
719	1	3	0
720	0.948267104214509	12	2
721	0.999999997841061	56	1
722	0.561945223646278	9	4
723	1	3	0
724	1	4	0
725	0.938648281239069	7	1
726	1	2	0
727	0.989296010008895	12	1
728	0.978538273400275	15	2
729	1	13	0
730	1	10	0
731	5.24676561447522e-06	7	19
732	0.908682683869441	10	2
733	0.978476134334717	10	1
734	0.672862655409732	8	3
735	0.294412770809577	0	1
736	0.294412770809577	0	1
737	0.733735876827474	9	3
738	0.984820993467924	11	1
739	0.991313157919381	18	2
740	0.24535636620539	3	3
741	0.913019719867006	6	1
742	0.0022059492971539	0	5
743	0.294412770809577	0	1
744	0.294412770809577	0	1
745	1	0	0
746	0.648771190108295	2	1
747	0.913019719867006	6	1
748	1	1	0
749	1	1	0
750	1	0	0
751	1	0	0
752	0.294412770809577	0	1
753	1	8	0
754	0.0101859260314913	2	6
755	0.397516046153816	9	5
756	0.00750091215626498	0	4
757	1	0	0
758	0.198042000222527	6	5
759	0.0254984477991373	0	3
